Line,Score,FlashScore,FixFreq,BlockFreq
org.apache.commons.math3.util.FastMath#1542,1.0,2.2469209819699216,7330,13545
org.apache.commons.math3.random.MersenneTwister#133,0.021739130434782608,0.9720776230742453,516,2204
org.apache.commons.math3.random.MersenneTwister#132,0.021739130434782608,0.895246062788694,417,1934
org.apache.commons.math3.random.MersenneTwister#180,0.013888888888888888,4.152052483053559,1,1
org.apache.commons.math3.random.MersenneTwister#195,0.013888888888888888,4.152052483053559,1,1
org.apache.commons.math3.random.MersenneTwister#146,0.013888888888888888,2.3726014188877484,28,49
org.apache.commons.math3.random.MersenneTwister#216,0.013888888888888888,2.1841785778927028,9199,17487
org.apache.commons.math3.random.MersenneTwister#187,0.013888888888888888,2.1018710804075753,3985,7872
org.apache.commons.math3.random.MersenneTwister#151,0.013888888888888888,1.3275875965128336,894,2796
org.apache.commons.math3.random.MersenneTwister#184,0.013888888888888888,1.3275875965128336,894,2796
org.apache.commons.math3.random.MersenneTwister#199,0.013888888888888888,1.3275875965128336,894,2796
org.apache.commons.math3.random.MersenneTwister#150,0.013888888888888888,0.8075579950304989,523,2689
org.apache.commons.math3.random.MersenneTwister#183,0.013888888888888888,0.8075579950304989,523,2689
org.apache.commons.math3.random.MersenneTwister#198,0.013888888888888888,0.8075579950304989,523,2689
org.apache.commons.math3.random.MersenneTwister#197,0.013888888888888888,0.7473694469496407,9,50
org.apache.commons.math3.random.MersenneTwister#191,0.013888888888888888,0.6555872341663516,3,19
org.apache.commons.math3.random.MersenneTwister#186,0.013888888888888888,0.614909946539182,327,2208
org.apache.commons.math3.random.MersenneTwister#196,0.013888888888888888,0.5190065603816949,1,8
org.apache.commons.math3.random.MersenneTwister#177,0.013888888888888888,0.40888778418416727,1521,15445
org.apache.commons.math3.random.MersenneTwister#192,0.013888888888888888,0.40888778418416727,1521,15445
org.apache.commons.math3.random.MersenneTwister#178,0.013888888888888888,0.40323423204162034,384,3954
org.apache.commons.math3.random.MersenneTwister#193,0.013888888888888888,0.40323423204162034,384,3954
org.apache.commons.math3.random.MersenneTwister#154,0.013888888888888888,0.39543356981462474,22,231
org.apache.commons.math3.random.MersenneTwister#205,0.013888888888888888,0.38905058699478234,119,1270
org.apache.commons.math3.random.MersenneTwister#172,0.013888888888888888,0.3683272363999125,33,372
org.apache.commons.math3.random.MersenneTwister#176,0.013888888888888888,0.35589021283316224,6,70
org.apache.commons.math3.random.MersenneTwister#174,0.013888888888888888,0.35186885449606436,10,118
org.apache.commons.math3.random.MersenneTwister#144,0.013888888888888888,0.33939619227404955,107,1309
org.apache.commons.math3.random.MersenneTwister#173,0.013888888888888888,0.31069780485434795,22,294
org.apache.commons.math3.random.MersenneTwister#167,0.013888888888888888,0.2909081357553449,88,1256
org.apache.commons.math3.random.MersenneTwister#203,0.013888888888888888,0.24423838135609174,1,17
org.apache.commons.math3.random.MersenneTwister#147,0.013888888888888888,0.18872965832061636,1,22
org.apache.commons.math3.random.MersenneTwister#179,0.013888888888888888,0.12082692411002423,11,378
org.apache.commons.math3.random.MersenneTwister#194,0.013888888888888888,0.12082692411002423,11,378
org.apache.commons.math3.random.MersenneTwister#181,0.013888888888888888,0.0,0,1
org.apache.commons.math3.random.MersenneTwister#182,0.013888888888888888,0.0,0,21
org.apache.commons.math3.util.FastMath#1541,0.0136986301369863,0.6627173716337692,362,2268
org.apache.commons.math3.dfp.Dfp#463,0.013513513513513514,4.152052483053559,4,4
org.apache.commons.math3.dfp.Dfp#510,0.013513513513513514,3.0872791868566494,548,737
org.apache.commons.math3.dfp.DfpField#202,0.013513513513513514,2.984663813905167,248,345
org.apache.commons.math3.dfp.Dfp#1761,0.013513513513513514,2.9525706546158648,32,45
org.apache.commons.math3.dfp.Dfp#1795,0.013513513513513514,2.5703182037950607,13,21
org.apache.commons.math3.dfp.Dfp#1804,0.013513513513513514,2.5703182037950607,13,21
org.apache.commons.math3.dfp.Dfp#233,0.013513513513513514,2.4912314898321357,3,5
org.apache.commons.math3.dfp.Dfp#1786,0.013513513513513514,2.4912314898321357,3,5
org.apache.commons.math3.dfp.Dfp#202,0.013513513513513514,2.475478445180984,220,369
org.apache.commons.math3.dfp.DfpField#177,0.013513513513513514,2.475478445180984,220,369
org.apache.commons.math3.dfp.Dfp#723,0.013513513513513514,2.4732277345773466,4863,8164
org.apache.commons.math3.dfp.Dfp#1334,0.013513513513513514,2.4732277345773466,4863,8164
org.apache.commons.math3.dfp.Dfp#1563,0.013513513513513514,2.4732277345773466,4863,8164
org.apache.commons.math3.dfp.Dfp#1855,0.013513513513513514,2.4732277345773466,4863,8164
org.apache.commons.math3.dfp.DfpField#578,0.013513513513513514,2.4732277345773466,4863,8164
org.apache.commons.math3.dfp.Dfp#417,0.013513513513513514,2.35021838663409,30,53
org.apache.commons.math3.dfp.Dfp#475,0.013513513513513514,2.35021838663409,30,53
org.apache.commons.math3.dfp.Dfp#1832,0.013513513513513514,2.35021838663409,30,53
org.apache.commons.math3.dfp.Dfp#2209,0.013513513513513514,2.35021838663409,30,53
org.apache.commons.math3.dfp.Dfp#2212,0.013513513513513514,2.35021838663409,30,53
org.apache.commons.math3.dfp.Dfp#2217,0.013513513513513514,2.35021838663409,30,53
org.apache.commons.math3.dfp.DfpField#555,0.013513513513513514,2.35021838663409,30,53
org.apache.commons.math3.dfp.Dfp#1762,0.013513513513513514,2.3468122730302725,26,46
org.apache.commons.math3.dfp.DfpField#561,0.013513513513513514,2.3468122730302725,13,23
org.apache.commons.math3.dfp.Dfp#1564,0.013513513513513514,2.282541940945674,105,191
org.apache.commons.math3.dfp.Dfp#1856,0.013513513513513514,2.282541940945674,105,191
org.apache.commons.math3.dfp.DfpField#550,0.013513513513513514,2.282541940945674,105,191
org.apache.commons.math3.dfp.Dfp#635,0.013513513513513514,2.2469209819699216,7330,13545
org.apache.commons.math3.dfp.Dfp#642,0.013513513513513514,2.2469209819699216,7330,13545
org.apache.commons.math3.dfp.Dfp#649,0.013513513513513514,2.2469209819699216,7330,13545
org.apache.commons.math3.dfp.Dfp#708,0.013513513513513514,2.2469209819699216,7330,13545
org.apache.commons.math3.dfp.Dfp#879,0.013513513513513514,2.2469209819699216,7330,13545
org.apache.commons.math3.dfp.Dfp#948,0.013513513513513514,2.2469209819699216,7330,13545
org.apache.commons.math3.dfp.Dfp#975,0.013513513513513514,2.2469209819699216,7330,13545
org.apache.commons.math3.dfp.Dfp#979,0.013513513513513514,2.2469209819699216,7330,13545
org.apache.commons.math3.dfp.Dfp#986,0.013513513513513514,2.2469209819699216,7330,13545
org.apache.commons.math3.dfp.Dfp#990,0.013513513513513514,2.2469209819699216,7330,13545
org.apache.commons.math3.dfp.Dfp#1410,0.013513513513513514,2.2469209819699216,7330,13545
org.apache.commons.math3.dfp.Dfp#2307,0.013513513513513514,2.2469209819699216,7330,13545
org.apache.commons.math3.dfp.DfpField#251,0.013513513513513514,2.2469209819699216,7330,13545
org.apache.commons.math3.dfp.DfpField#269,0.013513513513513514,2.2469209819699216,7330,13545
org.apache.commons.math3.dfp.DfpField#403,0.013513513513513514,2.2469209819699216,7330,13545
org.apache.commons.math3.dfp.Dfp#530,0.013513513513513514,2.1841785778927028,9199,17487
org.apache.commons.math3.dfp.Dfp#229,0.013513513513513514,2.1018710804075753,3985,7872
org.apache.commons.math3.dfp.Dfp#370,0.013513513513513514,2.1018710804075753,3985,7872
org.apache.commons.math3.dfp.Dfp#398,0.013513513513513514,2.1018710804075753,3985,7872
org.apache.commons.math3.dfp.Dfp#421,0.013513513513513514,2.1018710804075753,3985,7872
org.apache.commons.math3.dfp.Dfp#511,0.013513513513513514,2.1018710804075753,3985,7872
org.apache.commons.math3.dfp.Dfp#670,0.013513513513513514,2.1018710804075753,3985,7872
org.apache.commons.math3.dfp.Dfp#682,0.013513513513513514,2.1018710804075753,3985,7872
org.apache.commons.math3.dfp.Dfp#704,0.013513513513513514,2.1018710804075753,3985,7872
org.apache.commons.math3.dfp.Dfp#729,0.013513513513513514,2.1018710804075753,3985,7872
org.apache.commons.math3.dfp.Dfp#1233,0.013513513513513514,2.1018710804075753,3985,7872
org.apache.commons.math3.dfp.Dfp#1309,0.013513513513513514,2.1018710804075753,3985,7872
org.apache.commons.math3.dfp.Dfp#1316,0.013513513513513514,2.1018710804075753,3985,7872
org.apache.commons.math3.dfp.Dfp#1327,0.013513513513513514,2.1018710804075753,3985,7872
org.apache.commons.math3.dfp.Dfp#1329,0.013513513513513514,2.1018710804075753,3985,7872
org.apache.commons.math3.dfp.Dfp#1335,0.013513513513513514,2.1018710804075753,3985,7872
org.apache.commons.math3.dfp.Dfp#1337,0.013513513513513514,2.1018710804075753,3985,7872
org.apache.commons.math3.dfp.Dfp#1360,0.013513513513513514,2.1018710804075753,3985,7872
org.apache.commons.math3.dfp.Dfp#1383,0.013513513513513514,2.1018710804075753,3985,7872
org.apache.commons.math3.dfp.Dfp#1390,0.013513513513513514,2.1018710804075753,3985,7872
org.apache.commons.math3.dfp.Dfp#1571,0.013513513513513514,2.1018710804075753,3985,7872
org.apache.commons.math3.dfp.Dfp#1580,0.013513513513513514,2.1018710804075753,3985,7872
org.apache.commons.math3.dfp.Dfp#1585,0.013513513513513514,2.1018710804075753,3985,7872
org.apache.commons.math3.dfp.Dfp#1591,0.013513513513513514,2.1018710804075753,3985,7872
org.apache.commons.math3.dfp.Dfp#1813,0.013513513513513514,2.1018710804075753,3985,7872
org.apache.commons.math3.dfp.Dfp#1821,0.013513513513513514,2.1018710804075753,3985,7872
org.apache.commons.math3.dfp.Dfp#1825,0.013513513513513514,2.1018710804075753,3985,7872
org.apache.commons.math3.dfp.Dfp#1848,0.013513513513513514,2.1018710804075753,3985,7872
org.apache.commons.math3.dfp.Dfp#1863,0.013513513513513514,2.1018710804075753,3985,7872
org.apache.commons.math3.dfp.Dfp#1871,0.013513513513513514,2.1018710804075753,3985,7872
org.apache.commons.math3.dfp.Dfp#1875,0.013513513513513514,2.1018710804075753,3985,7872
org.apache.commons.math3.dfp.Dfp#1881,0.013513513513513514,2.1018710804075753,3985,7872
org.apache.commons.math3.dfp.Dfp#1945,0.013513513513513514,2.1018710804075753,3985,7872
org.apache.commons.math3.dfp.Dfp#2018,0.013513513513513514,2.1018710804075753,3985,7872
org.apache.commons.math3.dfp.DfpField#331,0.013513513513513514,2.1018710804075753,3985,7872
org.apache.commons.math3.dfp.DfpField#541,0.013513513513513514,2.1018710804075753,3985,7872
org.apache.commons.math3.dfp.DfpField#564,0.013513513513513514,2.1018710804075753,3985,7872
org.apache.commons.math3.dfp.Dfp#2216,0.013513513513513514,2.0760262415267796,1,2
org.apache.commons.math3.dfp.DfpField#559,0.013513513513513514,2.009057653090432,15,31
org.apache.commons.math3.dfp.Dfp#1238,0.013513513513513514,1.6985669248855473,9,22
org.apache.commons.math3.dfp.Dfp#597,0.013513513513513514,1.6740767735483715,783,1942
org.apache.commons.math3.dfp.Dfp#904,0.013513513513513514,1.6740767735483715,783,1942
org.apache.commons.math3.dfp.Dfp#931,0.013513513513513514,1.6740767735483715,783,1942
org.apache.commons.math3.dfp.Dfp#504,0.013513513513513514,1.6608209932214237,2,5
org.apache.commons.math3.dfp.Dfp#1484,0.013513513513513514,1.5888451148962373,2128,5561
org.apache.commons.math3.dfp.DfpField#623,0.013513513513513514,1.5498444752411904,405,1085
org.apache.commons.math3.dfp.DfpField#659,0.013513513513513514,1.5498444752411904,405,1085
org.apache.commons.math3.dfp.DfpField#742,0.013513513513513514,1.5498444752411904,405,1085
org.apache.commons.math3.dfp.Dfp#1550,0.013513513513513514,1.532636822603663,110,298
org.apache.commons.math3.dfp.Dfp#413,0.013513513513513514,1.5124314886724304,106,291
org.apache.commons.math3.dfp.Dfp#440,0.013513513513513514,1.5124314886724304,106,291
org.apache.commons.math3.dfp.Dfp#445,0.013513513513513514,1.5124314886724304,106,291
org.apache.commons.math3.dfp.Dfp#498,0.013513513513513514,1.5124314886724304,106,291
org.apache.commons.math3.dfp.Dfp#1367,0.013513513513513514,1.5124314886724304,106,291
org.apache.commons.math3.dfp.Dfp#1816,0.013513513513513514,1.5124314886724304,106,291
org.apache.commons.math3.dfp.Dfp#1842,0.013513513513513514,1.5124314886724304,106,291
org.apache.commons.math3.dfp.Dfp#2045,0.013513513513513514,1.5124314886724304,106,291
org.apache.commons.math3.dfp.DfpField#638,0.013513513513513514,1.5124314886724304,106,291
org.apache.commons.math3.dfp.DfpField#665,0.013513513513513514,1.5124314886724304,106,291
org.apache.commons.math3.dfp.DfpField#749,0.013513513513513514,1.5124314886724304,106,291
org.apache.commons.math3.dfp.Dfp#1485,0.013513513513513514,1.4481560607714832,3018,8653
org.apache.commons.math3.dfp.Dfp#1365,0.013513513513513514,1.3840174943511865,1,3
org.apache.commons.math3.dfp.Dfp#227,0.013513513513513514,1.3275875965128336,894,2796
org.apache.commons.math3.dfp.Dfp#522,0.013513513513513514,1.3275875965128336,894,2796
org.apache.commons.math3.dfp.Dfp#2189,0.013513513513513514,1.3275875965128336,894,2796
org.apache.commons.math3.dfp.DfpField#546,0.013513513513513514,1.3275875965128336,894,2796
org.apache.commons.math3.dfp.Dfp#1401,0.013513513513513514,1.2957747682012788,93,298
org.apache.commons.math3.dfp.Dfp#1381,0.013513513513513514,1.2060389333178698,515,1773
org.apache.commons.math3.dfp.DfpField#563,0.013513513513513514,1.2060389333178698,515,1773
org.apache.commons.math3.dfp.Dfp#984,0.013513513513513514,1.2019099293049778,33,114
org.apache.commons.math3.dfp.Dfp#1565,0.013513513513513514,1.1178602838990352,49,182
org.apache.commons.math3.dfp.Dfp#1857,0.013513513513513514,1.1178602838990352,49,182
org.apache.commons.math3.dfp.Dfp#2288,0.013513513513513514,1.1178602838990352,49,182
org.apache.commons.math3.dfp.DfpField#551,0.013513513513513514,1.1178602838990352,49,182
org.apache.commons.math3.dfp.Dfp#1241,0.013513513513513514,1.1062344077700839,527,1978
org.apache.commons.math3.dfp.Dfp#1346,0.013513513513513514,1.1062344077700839,527,1978
org.apache.commons.math3.dfp.Dfp#1460,0.013513513513513514,1.1062344077700839,527,1978
org.apache.commons.math3.dfp.Dfp#1781,0.013513513513513514,1.1062344077700839,527,1978
org.apache.commons.math3.dfp.Dfp#1789,0.013513513513513514,1.1062344077700839,527,1978
org.apache.commons.math3.dfp.Dfp#1931,0.013513513513513514,1.1062344077700839,527,1978
org.apache.commons.math3.dfp.Dfp#1940,0.013513513513513514,1.1062344077700839,527,1978
org.apache.commons.math3.dfp.DfpField#568,0.013513513513513514,1.0926453902772526,10,38
org.apache.commons.math3.dfp.Dfp#327,0.013513513513513514,1.08372714545937,889,3406
org.apache.commons.math3.dfp.Dfp#1373,0.013513513513513514,1.08372714545937,889,3406
org.apache.commons.math3.dfp.Dfp#1555,0.013513513513513514,1.08372714545937,889,3406
org.apache.commons.math3.dfp.Dfp#1757,0.013513513513513514,1.08372714545937,889,3406
org.apache.commons.math3.dfp.Dfp#2171,0.013513513513513514,1.08372714545937,889,3406
org.apache.commons.math3.dfp.DfpField#224,0.013513513513513514,1.08372714545937,889,3406
org.apache.commons.math3.dfp.DfpField#242,0.013513513513513514,1.08372714545937,889,3406
org.apache.commons.math3.dfp.DfpField#598,0.013513513513513514,1.08372714545937,889,3406
org.apache.commons.math3.dfp.Dfp#1549,0.013513513513513514,1.0484981017812018,175,693
org.apache.commons.math3.dfp.Dfp#765,0.013513513513513514,1.0322782416431502,360,1448
org.apache.commons.math3.dfp.Dfp#790,0.013513513513513514,1.0322782416431502,360,1448
org.apache.commons.math3.dfp.Dfp#2067,0.013513513513513514,1.0322782416431502,360,1448
org.apache.commons.math3.dfp.Dfp#906,0.013513513513513514,1.0220659918131145,705,2864
org.apache.commons.math3.dfp.Dfp#741,0.013513513513513514,0.990039508229131,1166,4890
org.apache.commons.math3.dfp.Dfp#1754,0.013513513513513514,0.940087354653636,12,53
org.apache.commons.math3.dfp.Dfp#978,0.013513513513513514,0.9329941979882082,613,2728
org.apache.commons.math3.dfp.Dfp#989,0.013513513513513514,0.9329941979882082,613,2728
org.apache.commons.math3.dfp.Dfp#1815,0.013513513513513514,0.9329941979882082,613,2728
org.apache.commons.math3.dfp.Dfp#1482,0.013513513513513514,0.9313866632310663,511,2278
org.apache.commons.math3.dfp.Dfp#1880,0.013513513513513514,0.9313866632310663,511,2278
org.apache.commons.math3.dfp.Dfp#505,0.013513513513513514,0.9226783295674577,2,9
org.apache.commons.math3.dfp.Dfp#1770,0.013513513513513514,0.9226783295674577,2,9
org.apache.commons.math3.dfp.Dfp#1590,0.013513513513513514,0.9020288691349981,398,1832
org.apache.commons.math3.dfp.Dfp#1379,0.013513513513513514,0.862466784163699,339,1632
org.apache.commons.math3.dfp.DfpField#562,0.013513513513513514,0.862466784163699,339,1632
org.apache.commons.math3.dfp.DfpField#642,0.013513513513513514,0.8501300070843172,388,1895
org.apache.commons.math3.dfp.DfpField#670,0.013513513513513514,0.8501300070843172,388,1895
org.apache.commons.math3.dfp.DfpField#754,0.013513513513513514,0.8501300070843172,388,1895
org.apache.commons.math3.dfp.Dfp#1389,0.013513513513513514,0.833428951566082,497,2476
org.apache.commons.math3.dfp.Dfp#1944,0.013513513513513514,0.833428951566082,497,2476
org.apache.commons.math3.dfp.Dfp#2221,0.013513513513513514,0.8187145741232371,14,71
org.apache.commons.math3.dfp.Dfp#1800,0.013513513513513514,0.8083642002405159,22,113
org.apache.commons.math3.dfp.Dfp#742,0.013513513513513514,0.8076074623788387,1275,6555
org.apache.commons.math3.dfp.Dfp#226,0.013513513513513514,0.8075579950304989,523,2689
org.apache.commons.math3.dfp.Dfp#518,0.013513513513513514,0.8075579950304989,523,2689
org.apache.commons.math3.dfp.Dfp#2188,0.013513513513513514,0.8075579950304989,523,2689
org.apache.commons.math3.dfp.DfpField#545,0.013513513513513514,0.8075579950304989,523,2689
org.apache.commons.math3.dfp.Dfp#1847,0.013513513513513514,0.8036230612361728,36,186
org.apache.commons.math3.dfp.DfpField#554,0.013513513513513514,0.8026792637275724,631,3264
org.apache.commons.math3.dfp.Dfp#1348,0.013513513513513514,0.7950738797336604,9,47
org.apache.commons.math3.dfp.Dfp#1562,0.013513513513513514,0.7908671396292495,4,21
org.apache.commons.math3.dfp.Dfp#1801,0.013513513513513514,0.7879807632072449,52,274
org.apache.commons.math3.dfp.Dfp#1779,0.013513513513513514,0.7607256996923305,131,715
org.apache.commons.math3.dfp.Dfp#1929,0.013513513513513514,0.7607256996923305,131,715
org.apache.commons.math3.dfp.Dfp#2239,0.013513513513513514,0.7549186332824654,4,22
org.apache.commons.math3.dfp.Dfp#1927,0.013513513513513514,0.7409386585920492,53,297
org.apache.commons.math3.dfp.Dfp#1557,0.013513513513513514,0.6885313162852637,66,398
org.apache.commons.math3.dfp.Dfp#1240,0.013513513513513514,0.6773741211023935,54,331
org.apache.commons.math3.dfp.Dfp#1345,0.013513513513513514,0.6773741211023935,54,331
org.apache.commons.math3.dfp.Dfp#1459,0.013513513513513514,0.6773741211023935,54,331
org.apache.commons.math3.dfp.Dfp#1788,0.013513513513513514,0.6773741211023935,54,331
org.apache.commons.math3.dfp.Dfp#2044,0.013513513513513514,0.6696343304077912,419,2598
org.apache.commons.math3.dfp.Dfp#1803,0.013513513513513514,0.6678126371344886,23,143
org.apache.commons.math3.dfp.Dfp#497,0.013513513513513514,0.6672941490621792,18,112
org.apache.commons.math3.dfp.Dfp#717,0.013513513513513514,0.6646736823183452,231,1443
org.apache.commons.math3.dfp.Dfp#974,0.013513513513513514,0.6627173716337692,362,2268
org.apache.commons.math3.dfp.Dfp#985,0.013513513513513514,0.6627173716337692,362,2268
org.apache.commons.math3.dfp.Dfp#1812,0.013513513513513514,0.6627173716337692,362,2268
org.apache.commons.math3.dfp.Dfp#1793,0.013513513513513514,0.6555872341663516,3,19
org.apache.commons.math3.dfp.Dfp#1546,0.013513513513513514,0.6515994772675293,43,274
org.apache.commons.math3.dfp.Dfp#1926,0.013513513513513514,0.6448691867412885,57,367
org.apache.commons.math3.dfp.Dfp#2291,0.013513513513513514,0.638777305085163,6,39
org.apache.commons.math3.dfp.Dfp#732,0.013513513513513514,0.6313062254935237,26,171
org.apache.commons.math3.dfp.Dfp#2187,0.013513513513513514,0.628818638858891,204,1347
org.apache.commons.math3.dfp.DfpField#200,0.013513513513513514,0.628818638858891,204,1347
org.apache.commons.math3.dfp.Dfp#474,0.013513513513513514,0.614909946539182,327,2208
org.apache.commons.math3.dfp.Dfp#714,0.013513513513513514,0.6098327084484915,47,320
org.apache.commons.math3.dfp.DfpField#664,0.013513513513513514,0.605157446922786,36,247
org.apache.commons.math3.dfp.Dfp#1343,0.013513513513513514,0.6027172959271296,9,62
org.apache.commons.math3.dfp.Dfp#237,0.013513513513513514,0.5931503547219371,6,42
org.apache.commons.math3.dfp.Dfp#1776,0.013513513513513514,0.5931503547219371,5,35
org.apache.commons.math3.dfp.Dfp#1575,0.013513513513513514,0.593150354721937,1,7
org.apache.commons.math3.dfp.Dfp#1867,0.013513513513513514,0.593150354721937,1,7
org.apache.commons.math3.dfp.Dfp#1824,0.013513513513513514,0.5896738197303296,315,2218
org.apache.commons.math3.dfp.Dfp#426,0.013513513513513514,0.5812873476274983,7,50
org.apache.commons.math3.dfp.Dfp#1936,0.013513513513513514,0.576791764755142,272,1958
org.apache.commons.math3.dfp.Dfp#604,0.013513513513513514,0.5758982084293521,763,5501
org.apache.commons.math3.dfp.Dfp#935,0.013513513513513514,0.5758982084293521,763,5501
org.apache.commons.math3.dfp.Dfp#719,0.013513513513513514,0.5651922511259863,1031,7574
org.apache.commons.math3.dfp.Dfp#1780,0.013513513513513514,0.564585040188586,48,353
org.apache.commons.math3.dfp.Dfp#1930,0.013513513513513514,0.564585040188586,48,353
org.apache.commons.math3.dfp.Dfp#1939,0.013513513513513514,0.564585040188586,48,353
org.apache.commons.math3.dfp.DfpField#615,0.013513513513513514,0.560163620267782,131,971
org.apache.commons.math3.dfp.DfpField#657,0.013513513513513514,0.560163620267782,131,971
org.apache.commons.math3.dfp.DfpField#741,0.013513513513513514,0.560163620267782,131,971
org.apache.commons.math3.dfp.Dfp#2049,0.013513513513513514,0.5559233450113552,128,956
org.apache.commons.math3.dfp.Dfp#361,0.013513513513513514,0.5540128679734222,273,2046
org.apache.commons.math3.dfp.Dfp#1988,0.013513513513513514,0.5540128679734222,273,2046
org.apache.commons.math3.dfp.Dfp#1370,0.013513513513513514,0.5463995878473016,187,1421
org.apache.commons.math3.dfp.DfpField#637,0.013513513513513514,0.545256226700911,148,1127
org.apache.commons.math3.dfp.DfpField#635,0.013513513513513514,0.5394398895305806,33,254
org.apache.commons.math3.dfp.Dfp#905,0.013513513513513514,0.5362641676850273,839,6496
org.apache.commons.math3.dfp.Dfp#973,0.013513513513513514,0.5357487074907819,4,31
org.apache.commons.math3.dfp.Dfp#713,0.013513513513513514,0.5345171012666652,112,870
org.apache.commons.math3.dfp.Dfp#1937,0.013513513513513514,0.5318744916308279,62,484
org.apache.commons.math3.dfp.Dfp#994,0.013513513513513514,0.5313256015465856,124,969
org.apache.commons.math3.dfp.Dfp#910,0.013513513513513514,0.529587457326225,976,7652
org.apache.commons.math3.dfp.Dfp#1393,0.013513513513513514,0.529587457326225,976,7652
org.apache.commons.math3.dfp.Dfp#1948,0.013513513513513514,0.529587457326225,976,7652
org.apache.commons.math3.dfp.Dfp#1463,0.013513513513513514,0.5260518983054283,56,442
org.apache.commons.math3.dfp.Dfp#212,0.013513513513513514,0.5243120994836125,420,3326
org.apache.commons.math3.dfp.Dfp#323,0.013513513513513514,0.5243120994836125,420,3326
org.apache.commons.math3.dfp.Dfp#337,0.013513513513513514,0.5243120994836125,420,3326
org.apache.commons.math3.dfp.Dfp#1371,0.013513513513513514,0.5243120994836125,420,3326
org.apache.commons.math3.dfp.Dfp#1755,0.013513513513513514,0.5243120994836125,420,3326
org.apache.commons.math3.dfp.Dfp#2029,0.013513513513513514,0.5243120994836125,420,3326
org.apache.commons.math3.dfp.Dfp#2169,0.013513513513513514,0.5243120994836125,420,3326
org.apache.commons.math3.dfp.Dfp#2183,0.013513513513513514,0.5243120994836125,420,3326
org.apache.commons.math3.dfp.DfpField#193,0.013513513513513514,0.5243120994836125,420,3326
org.apache.commons.math3.dfp.DfpField#229,0.013513513513513514,0.5243120994836125,420,3326
org.apache.commons.math3.dfp.DfpField#660,0.013513513513513514,0.5243120994836125,420,3326
org.apache.commons.math3.dfp.DfpField#743,0.013513513513513514,0.5243120994836125,420,3326
org.apache.commons.math3.dfp.Dfp#1358,0.013513513513513514,0.5242490508906009,25,198
org.apache.commons.math3.dfp.Dfp#412,0.013513513513513514,0.5240454590261775,364,2884
org.apache.commons.math3.dfp.Dfp#439,0.013513513513513514,0.5240454590261775,364,2884
org.apache.commons.math3.dfp.Dfp#946,0.013513513513513514,0.5240454590261775,364,2884
org.apache.commons.math3.dfp.Dfp#1895,0.013513513513513514,0.5240454590261775,364,2884
org.apache.commons.math3.dfp.Dfp#1963,0.013513513513513514,0.5240454590261775,364,2884
org.apache.commons.math3.dfp.Dfp#424,0.013513513513513514,0.5190065603816949,2,16
org.apache.commons.math3.dfp.Dfp#673,0.013513513513513514,0.5190065603816949,3,24
org.apache.commons.math3.dfp.Dfp#685,0.013513513513513514,0.5190065603816949,3,24
org.apache.commons.math3.dfp.Dfp#1777,0.013513513513513514,0.5190065603816949,4,32
org.apache.commons.math3.dfp.Dfp#1846,0.013513513513513514,0.5190065603816949,3,24
org.apache.commons.math3.dfp.Dfp#2028,0.013513513513513514,0.5190065603816949,82,656
org.apache.commons.math3.dfp.Dfp#1369,0.013513513513513514,0.515218191327814,34,274
org.apache.commons.math3.dfp.Dfp#756,0.013513513513513514,0.5096080512399741,244,1988
org.apache.commons.math3.dfp.Dfp#781,0.013513513513513514,0.5096080512399741,244,1988
org.apache.commons.math3.dfp.Dfp#2058,0.013513513513513514,0.5096080512399741,244,1988
org.apache.commons.math3.dfp.Dfp#1749,0.013513513513513514,0.5018964539954852,11,91
org.apache.commons.math3.dfp.DfpField#591,0.013513513513513514,0.4991143228757763,69,574
org.apache.commons.math3.dfp.Dfp#410,0.013513513513513514,0.4982462979664271,3,25
org.apache.commons.math3.dfp.Dfp#2186,0.013513513513513514,0.49499558071990835,67,562
org.apache.commons.math3.dfp.DfpField#198,0.013513513513513514,0.49499558071990835,67,562
org.apache.commons.math3.dfp.Dfp#1506,0.013513513513513514,0.4947450254784259,260,2182
org.apache.commons.math3.dfp.Dfp#1357,0.013513513513513514,0.49429196226828087,20,168
org.apache.commons.math3.dfp.Dfp#1254,0.013513513513513514,0.4938793646370052,285,2396
org.apache.commons.math3.dfp.Dfp#528,0.013513513513513514,0.4938020792531488,120,1009
org.apache.commons.math3.dfp.Dfp#2166,0.013513513513513514,0.49305623236261015,19,160
org.apache.commons.math3.dfp.Dfp#1578,0.013513513513513514,0.49169042562476367,27,228
org.apache.commons.math3.dfp.DfpField#570,0.013513513513513514,0.48923409102646587,76,645
org.apache.commons.math3.dfp.Dfp#740,0.013513513513513514,0.4858784820594591,11,94
org.apache.commons.math3.dfp.Dfp#488,0.013513513513513514,0.48515830644375824,43,368
org.apache.commons.math3.dfp.Dfp#2037,0.013513513513513514,0.484047569267902,45,386
org.apache.commons.math3.dfp.DfpField#667,0.013513513513513514,0.4818912026052783,99,853
org.apache.commons.math3.dfp.DfpField#751,0.013513513513513514,0.4818912026052783,99,853
org.apache.commons.math3.dfp.Dfp#1359,0.013513513513513514,0.47976940196092965,457,3955
org.apache.commons.math3.dfp.Dfp#1457,0.013513513513513514,0.47724741184523667,20,174
org.apache.commons.math3.dfp.Dfp#734,0.013513513513513514,0.47623129441617057,167,1456
org.apache.commons.math3.dfp.Dfp#1372,0.013513513513513514,0.4746519486731594,206,1802
org.apache.commons.math3.dfp.Dfp#1756,0.013513513513513514,0.4746519486731594,206,1802
org.apache.commons.math3.dfp.Dfp#2170,0.013513513513513514,0.4746519486731594,206,1802
org.apache.commons.math3.dfp.Dfp#771,0.013513513513513514,0.47170871481785853,743,6540
org.apache.commons.math3.dfp.Dfp#796,0.013513513513513514,0.47170871481785853,743,6540
org.apache.commons.math3.dfp.Dfp#1488,0.013513513513513514,0.47170871481785853,743,6540
org.apache.commons.math3.dfp.Dfp#1594,0.013513513513513514,0.47170871481785853,743,6540
org.apache.commons.math3.dfp.Dfp#1884,0.013513513513513514,0.47170871481785853,743,6540
org.apache.commons.math3.dfp.Dfp#2071,0.013513513513513514,0.47170871481785853,743,6540
org.apache.commons.math3.dfp.Dfp#1402,0.013513513513513514,0.46960504007660636,101,893
org.apache.commons.math3.dfp.Dfp#1576,0.013513513513513514,0.4678368994989926,8,71
org.apache.commons.math3.dfp.Dfp#1262,0.013513513513513514,0.466046707281522,121,1078
org.apache.commons.math3.dfp.Dfp#1499,0.013513513513513514,0.4617529218821895,372,3345
org.apache.commons.math3.dfp.DfpField#590,0.013513513513513514,0.458852161199989,41,371
org.apache.commons.math3.dfp.Dfp#1938,0.013513513513513514,0.4513100525058216,35,322
org.apache.commons.math3.dfp.DfpField#663,0.013513513513513514,0.44768430578378754,51,473
org.apache.commons.math3.dfp.Dfp#1924,0.013513513513513514,0.4426614658046305,79,741
org.apache.commons.math3.dfp.Dfp#1356,0.013513513513513514,0.43983606812008047,25,236
org.apache.commons.math3.dfp.Dfp#1552,0.013513513513513514,0.43739178829113834,69,655
org.apache.commons.math3.dfp.Dfp#1378,0.013513513513513514,0.43705815611090104,2,19
org.apache.commons.math3.dfp.Dfp#1456,0.013513513513513514,0.43425136061294106,57,545
org.apache.commons.math3.dfp.Dfp#407,0.013513513513513514,0.4325054669847458,5,48
org.apache.commons.math3.dfp.Dfp#234,0.013513513513513514,0.43106034131940296,87,838
org.apache.commons.math3.dfp.DfpField#208,0.013513513513513514,0.43106034131940296,87,838
org.apache.commons.math3.dfp.Dfp#1697,0.013513513513513514,0.4301893725166086,356,3436
org.apache.commons.math3.dfp.Dfp#1690,0.013513513513513514,0.4292187559429173,487,4711
org.apache.commons.math3.dfp.DfpField#211,0.013513513513513514,0.4281804123148983,33,320
org.apache.commons.math3.dfp.DfpField#748,0.013513513513513514,0.4277872255267304,17,165
org.apache.commons.math3.dfp.Dfp#1244,0.013513513513513514,0.42275443463818063,84,825
org.apache.commons.math3.dfp.Dfp#2027,0.013513513513513514,0.4201481679280387,51,504
org.apache.commons.math3.dfp.Dfp#716,0.013513513513513514,0.4200520021766247,26,257
org.apache.commons.math3.dfp.Dfp#349,0.013513513513513514,0.41854332389470017,326,3234
org.apache.commons.math3.dfp.Dfp#703,0.013513513513513514,0.41854332389470017,326,3234
org.apache.commons.math3.dfp.Dfp#375,0.013513513513513514,0.418208959061043,181,1797
org.apache.commons.math3.dfp.Dfp#1796,0.013513513513513514,0.415205248305356,3,30
org.apache.commons.math3.dfp.Dfp#1805,0.013513513513513514,0.415205248305356,3,30
org.apache.commons.math3.dfp.Dfp#420,0.013513513513513514,0.41520524830535593,1,10
org.apache.commons.math3.dfp.Dfp#1342,0.013513513513513514,0.41177379997225383,12,121
org.apache.commons.math3.dfp.Dfp#728,0.013513513513513514,0.41116104134134274,61,616
org.apache.commons.math3.dfp.Dfp#697,0.013513513513513514,0.40888778418416727,1521,15445
org.apache.commons.math3.dfp.Dfp#1766,0.013513513513513514,0.40888778418416727,1521,15445
org.apache.commons.math3.dfp.Dfp#2160,0.013513513513513514,0.40888778418416727,1521,15445
org.apache.commons.math3.dfp.DfpField#530,0.013513513513513514,0.40888778418416727,1521,15445
org.apache.commons.math3.dfp.DfpField#581,0.013513513513513514,0.40888778418416727,1521,15445
org.apache.commons.math3.dfp.DfpField#611,0.013513513513513514,0.40888778418416727,1521,15445
org.apache.commons.math3.dfp.DfpField#624,0.013513513513513514,0.40888778418416727,1521,15445
org.apache.commons.math3.dfp.DfpField#653,0.013513513513513514,0.40888778418416727,1521,15445
org.apache.commons.math3.dfp.DfpField#736,0.013513513513513514,0.40888778418416727,1521,15445
org.apache.commons.math3.dfp.Dfp#225,0.013513513513513514,0.40756343391936783,16,163
org.apache.commons.math3.dfp.Dfp#1303,0.013513513513513514,0.40479620308321607,35,359
org.apache.commons.math3.dfp.DfpField#587,0.013513513513513514,0.40479620308321607,35,359
org.apache.commons.math3.dfp.DfpField#629,0.013513513513513514,0.40479620308321607,35,359
org.apache.commons.math3.dfp.Dfp#1767,0.013513513513513514,0.40323423204162034,384,3954
org.apache.commons.math3.dfp.Dfp#433,0.013513513513513514,0.3996628058554228,36,374
org.apache.commons.math3.dfp.DfpField#631,0.013513513513513514,0.3987070265183882,29,302
org.apache.commons.math3.dfp.Dfp#402,0.013513513513513514,0.39814201892294404,21,219
org.apache.commons.math3.dfp.Dfp#369,0.013513513513513514,0.3931530382290522,353,3728
org.apache.commons.math3.dfp.Dfp#437,0.013513513513513514,0.38623744028405205,4,43
org.apache.commons.math3.dfp.Dfp#1349,0.013513513513513514,0.3774593166412327,1,11
org.apache.commons.math3.dfp.Dfp#1853,0.013513513513513514,0.3774593166412327,2,22
org.apache.commons.math3.dfp.Dfp#1731,0.013513513513513514,0.37518546533616504,30,332
org.apache.commons.math3.dfp.Dfp#1400,0.013513513513513514,0.3749850749443856,124,1373
org.apache.commons.math3.dfp.Dfp#324,0.013513513513513514,0.370195827546148,417,4677
org.apache.commons.math3.dfp.Dfp#338,0.013513513513513514,0.370195827546148,417,4677
org.apache.commons.math3.dfp.Dfp#2030,0.013513513513513514,0.370195827546148,417,4677
org.apache.commons.math3.dfp.Dfp#2184,0.013513513513513514,0.370195827546148,417,4677
org.apache.commons.math3.dfp.DfpField#194,0.013513513513513514,0.370195827546148,417,4677
org.apache.commons.math3.dfp.DfpField#230,0.013513513513513514,0.370195827546148,417,4677
org.apache.commons.math3.dfp.DfpField#661,0.013513513513513514,0.370195827546148,417,4677
org.apache.commons.math3.dfp.Dfp#1554,0.013513513513513514,0.36960866529678116,107,1202
org.apache.commons.math3.dfp.Dfp#698,0.013513513513513514,0.36430225545459255,1027,11705
org.apache.commons.math3.dfp.Dfp#2161,0.013513513513513514,0.36430225545459255,1027,11705
org.apache.commons.math3.dfp.DfpField#531,0.013513513513513514,0.36430225545459255,1027,11705
org.apache.commons.math3.dfp.DfpField#582,0.013513513513513514,0.36430225545459255,1027,11705
org.apache.commons.math3.dfp.DfpField#612,0.013513513513513514,0.36430225545459255,1027,11705
org.apache.commons.math3.dfp.DfpField#626,0.013513513513513514,0.36430225545459255,1027,11705
org.apache.commons.math3.dfp.DfpField#654,0.013513513513513514,0.36430225545459255,1027,11705
org.apache.commons.math3.dfp.DfpField#737,0.013513513513513514,0.36430225545459255,1027,11705
org.apache.commons.math3.dfp.Dfp#325,0.013513513513513514,0.36346867370456865,803,9173
org.apache.commons.math3.dfp.Dfp#339,0.013513513513513514,0.36346867370456865,803,9173
org.apache.commons.math3.dfp.Dfp#1742,0.013513513513513514,0.36346867370456865,803,9173
org.apache.commons.math3.dfp.Dfp#1746,0.013513513513513514,0.36346867370456865,803,9173
org.apache.commons.math3.dfp.Dfp#1747,0.013513513513513514,0.36346867370456865,803,9173
org.apache.commons.math3.dfp.Dfp#2031,0.013513513513513514,0.36346867370456865,803,9173
org.apache.commons.math3.dfp.Dfp#2032,0.013513513513513514,0.36346867370456865,803,9173
org.apache.commons.math3.dfp.Dfp#2033,0.013513513513513514,0.36346867370456865,803,9173
org.apache.commons.math3.dfp.DfpField#195,0.013513513513513514,0.36346867370456865,803,9173
org.apache.commons.math3.dfp.DfpField#196,0.013513513513513514,0.36346867370456865,803,9173
org.apache.commons.math3.dfp.DfpField#213,0.013513513513513514,0.36346867370456865,803,9173
org.apache.commons.math3.dfp.DfpField#214,0.013513513513513514,0.36346867370456865,803,9173
org.apache.commons.math3.dfp.DfpField#215,0.013513513513513514,0.36346867370456865,803,9173
org.apache.commons.math3.dfp.DfpField#216,0.013513513513513514,0.36346867370456865,803,9173
org.apache.commons.math3.dfp.DfpField#217,0.013513513513513514,0.36346867370456865,803,9173
org.apache.commons.math3.dfp.DfpField#218,0.013513513513513514,0.36346867370456865,803,9173
org.apache.commons.math3.dfp.DfpField#219,0.013513513513513514,0.36346867370456865,803,9173
org.apache.commons.math3.dfp.DfpField#220,0.013513513513513514,0.36346867370456865,803,9173
org.apache.commons.math3.dfp.DfpField#221,0.013513513513513514,0.36346867370456865,803,9173
org.apache.commons.math3.dfp.DfpField#222,0.013513513513513514,0.36346867370456865,803,9173
org.apache.commons.math3.dfp.DfpField#231,0.013513513513513514,0.36346867370456865,803,9173
org.apache.commons.math3.dfp.DfpField#232,0.013513513513513514,0.36346867370456865,803,9173
org.apache.commons.math3.dfp.DfpField#233,0.013513513513513514,0.36346867370456865,803,9173
org.apache.commons.math3.dfp.DfpField#234,0.013513513513513514,0.36346867370456865,803,9173
org.apache.commons.math3.dfp.DfpField#235,0.013513513513513514,0.36346867370456865,803,9173
org.apache.commons.math3.dfp.DfpField#236,0.013513513513513514,0.36346867370456865,803,9173
org.apache.commons.math3.dfp.DfpField#237,0.013513513513513514,0.36346867370456865,803,9173
org.apache.commons.math3.dfp.DfpField#238,0.013513513513513514,0.36346867370456865,803,9173
org.apache.commons.math3.dfp.DfpField#239,0.013513513513513514,0.36346867370456865,803,9173
org.apache.commons.math3.dfp.DfpField#240,0.013513513513513514,0.36346867370456865,803,9173
org.apache.commons.math3.dfp.DfpField#594,0.013513513513513514,0.36346867370456865,803,9173
org.apache.commons.math3.dfp.DfpField#595,0.013513513513513514,0.36346867370456865,803,9173
org.apache.commons.math3.dfp.DfpField#596,0.013513513513513514,0.36346867370456865,803,9173
org.apache.commons.math3.dfp.DfpField#535,0.013513513513513514,0.35953527087893955,62,716
org.apache.commons.math3.dfp.Dfp#1388,0.013513513513513514,0.3573918593008127,34,395
org.apache.commons.math3.dfp.Dfp#1943,0.013513513513513514,0.3573918593008127,34,395
org.apache.commons.math3.dfp.Dfp#1297,0.013513513513513514,0.3567269883104527,1486,17296
org.apache.commons.math3.dfp.Dfp#1683,0.013513513513513514,0.3567269883104527,1486,17296
org.apache.commons.math3.dfp.DfpField#532,0.013513513513513514,0.3567269883104527,1486,17296
org.apache.commons.math3.dfp.DfpField#583,0.013513513513513514,0.3567269883104527,1486,17296
org.apache.commons.math3.dfp.DfpField#613,0.013513513513513514,0.3567269883104527,1486,17296
org.apache.commons.math3.dfp.DfpField#655,0.013513513513513514,0.3567269883104527,1486,17296
org.apache.commons.math3.dfp.DfpField#739,0.013513513513513514,0.3567269883104527,1486,17296
org.apache.commons.math3.dfp.Dfp#1304,0.013513513513513514,0.3563993547685459,20,233
org.apache.commons.math3.dfp.Dfp#1301,0.013513513513513514,0.35444350465091357,63,738
org.apache.commons.math3.dfp.DfpField#586,0.013513513513513514,0.35444350465091357,63,738
org.apache.commons.math3.dfp.DfpField#628,0.013513513513513514,0.35444350465091357,63,738
org.apache.commons.math3.dfp.Dfp#707,0.013513513513513514,0.3532188100679425,102,1199
org.apache.commons.math3.dfp.Dfp#346,0.013513513513513514,0.35192486227234704,426,5026
org.apache.commons.math3.dfp.Dfp#702,0.013513513513513514,0.35192486227234704,426,5026
org.apache.commons.math3.dfp.DfpField#746,0.013513513513513514,0.3514965065018887,16,189
org.apache.commons.math3.dfp.Dfp#1324,0.013513513513513514,0.35019947142254587,160,1897
org.apache.commons.math3.dfp.Dfp#1239,0.013513513513513514,0.3494049079719519,137,1628
org.apache.commons.math3.dfp.Dfp#1344,0.013513513513513514,0.3494049079719519,137,1628
org.apache.commons.math3.dfp.Dfp#1458,0.013513513513513514,0.3494049079719519,137,1628
org.apache.commons.math3.dfp.Dfp#1551,0.013513513513513514,0.3494049079719519,137,1628
org.apache.commons.math3.dfp.Dfp#1787,0.013513513513513514,0.3494049079719519,137,1628
org.apache.commons.math3.dfp.Dfp#444,0.013513513513513514,0.3462134396745566,276,3310
org.apache.commons.math3.dfp.Dfp#951,0.013513513513513514,0.3462134396745566,276,3310
org.apache.commons.math3.dfp.Dfp#236,0.013513513513513514,0.3460043735877966,1,12
org.apache.commons.math3.dfp.DfpField#538,0.013513513513513514,0.34140630882251033,99,1204
org.apache.commons.math3.dfp.Dfp#1355,0.013513513513513514,0.3397657371708183,295,3605
org.apache.commons.math3.dfp.Dfp#1293,0.013513513513513514,0.33813738700353496,197,2419
org.apache.commons.math3.dfp.Dfp#1308,0.013513513513513514,0.3353939178532419,108,1337
org.apache.commons.math3.dfp.Dfp#326,0.013513513513513514,0.3317664405139683,367,4593
org.apache.commons.math3.dfp.DfpField#223,0.013513513513513514,0.3317664405139683,367,4593
org.apache.commons.math3.dfp.DfpField#241,0.013513513513513514,0.3317664405139683,367,4593
org.apache.commons.math3.dfp.DfpField#597,0.013513513513513514,0.3317664405139683,367,4593
org.apache.commons.math3.dfp.DfpField#634,0.013513513513513514,0.3309607051709359,22,276
org.apache.commons.math3.dfp.Dfp#416,0.013513513513513514,0.32426895453389426,46,589
org.apache.commons.math3.dfp.Dfp#1326,0.013513513513513514,0.32411715210916076,232,2972
org.apache.commons.math3.dfp.Dfp#216,0.013513513513513514,0.32046042654440227,23,298
org.apache.commons.math3.dfp.Dfp#1307,0.013513513513513514,0.32046042654440227,23,298
org.apache.commons.math3.dfp.Dfp#1366,0.013513513513513514,0.31413554970471014,92,1216
org.apache.commons.math3.dfp.Dfp#374,0.013513513513513514,0.3109024806151216,217,2898
org.apache.commons.math3.dfp.Dfp#1325,0.013513513513513514,0.3109024806151216,217,2898
org.apache.commons.math3.dfp.Dfp#1319,0.013513513513513514,0.31067805292778383,107,1430
org.apache.commons.math3.dfp.Dfp#1916,0.013513513513513514,0.31067805292778383,107,1430
org.apache.commons.math3.dfp.Dfp#1820,0.013513513513513514,0.30755944318915257,2,27
org.apache.commons.math3.dfp.Dfp#493,0.013513513513513514,0.30448384875726103,11,150
org.apache.commons.math3.dfp.Dfp#1438,0.013513513513513514,0.30275382688932206,7,96
org.apache.commons.math3.dfp.Dfp#2010,0.013513513513513514,0.30275382688932206,7,96
org.apache.commons.math3.dfp.DfpField#549,0.013513513513513514,0.29593184725823324,230,3227
org.apache.commons.math3.dfp.Dfp#1476,0.013513513513513514,0.29476015179572396,232,3268
org.apache.commons.math3.dfp.Dfp#2035,0.013513513513513514,0.2927729314973664,33,468
org.apache.commons.math3.dfp.Dfp#355,0.013513513513513514,0.29225105461412687,140,1989
org.apache.commons.math3.dfp.Dfp#1315,0.013513513513513514,0.29225105461412687,140,1989
org.apache.commons.math3.dfp.Dfp#368,0.013513513513513514,0.2917987103756528,192,2732
org.apache.commons.math3.dfp.Dfp#2164,0.013513513513513514,0.29161572623453097,42,598
org.apache.commons.math3.dfp.Dfp#711,0.013513513513513514,0.286348447107142,2,29
org.apache.commons.math3.dfp.Dfp#1231,0.013513513513513514,0.28438715637353146,5,73
org.apache.commons.math3.dfp.Dfp#449,0.013513513513513514,0.28198951290059304,116,1708
org.apache.commons.math3.dfp.Dfp#434,0.013513513513513514,0.28036030875745876,268,3969
org.apache.commons.math3.dfp.DfpField#592,0.013513513513513514,0.28036030875745876,268,3969
org.apache.commons.math3.dfp.DfpField#533,0.013513513513513514,0.277310996118035,510,7636
org.apache.commons.math3.dfp.DfpField#614,0.013513513513513514,0.277310996118035,510,7636
org.apache.commons.math3.dfp.DfpField#656,0.013513513513513514,0.277310996118035,510,7636
org.apache.commons.math3.dfp.DfpField#740,0.013513513513513514,0.277310996118035,510,7636
org.apache.commons.math3.dfp.Dfp#345,0.013513513513513514,0.27400309220819385,711,10774
org.apache.commons.math3.dfp.Dfp#700,0.013513513513513514,0.27400309220819385,711,10774
org.apache.commons.math3.dfp.Dfp#1686,0.013513513513513514,0.27400309220819385,711,10774
org.apache.commons.math3.dfp.Dfp#1868,0.013513513513513514,0.2727625718794309,9,137
org.apache.commons.math3.dfp.Dfp#1584,0.013513513513513514,0.2726095064631125,91,1386
org.apache.commons.math3.dfp.Dfp#217,0.013513513513513514,0.2713759792845464,20,306
org.apache.commons.math3.dfp.Dfp#1906,0.013513513513513514,0.2695351356613908,89,1371
org.apache.commons.math3.dfp.Dfp#1968,0.013513513513513514,0.2695351356613908,89,1371
org.apache.commons.math3.dfp.Dfp#235,0.013513513513513514,0.2678743537453909,6,93
org.apache.commons.math3.dfp.Dfp#1934,0.013513513513513514,0.2678743537453909,4,62
org.apache.commons.math3.dfp.Dfp#1773,0.013513513513513514,0.26686159626431194,34,529
org.apache.commons.math3.dfp.Dfp#2026,0.013513513513513514,0.2650246265778868,18,282
org.apache.commons.math3.dfp.DfpField#588,0.013513513513513514,0.2627881318388329,15,237
org.apache.commons.math3.dfp.Dfp#1509,0.013513513513513514,0.2622064393595021,97,1536
org.apache.commons.math3.dfp.Dfp#1333,0.013513513513513514,0.25634410982330674,71,1150
org.apache.commons.math3.dfp.Dfp#2034,0.013513513513513514,0.2484777522241897,231,3860
org.apache.commons.math3.dfp.Dfp#2185,0.013513513513513514,0.2484777522241897,231,3860
org.apache.commons.math3.dfp.DfpField#197,0.013513513513513514,0.2484777522241897,231,3860
org.apache.commons.math3.dfp.DfpField#662,0.013513513513513514,0.2484777522241897,231,3860
org.apache.commons.math3.dfp.Dfp#1840,0.013513513513513514,0.24822052887820192,11,184
org.apache.commons.math3.dfp.Dfp#1778,0.013513513513513514,0.24811642882317694,557,9321
org.apache.commons.math3.dfp.Dfp#1928,0.013513513513513514,0.24811642882317694,557,9321
org.apache.commons.math3.dfp.DfpField#212,0.013513513513513514,0.24702512735363477,219,3681
org.apache.commons.math3.dfp.DfpField#540,0.013513513513513514,0.2467408237880189,29,488
org.apache.commons.math3.dfp.Dfp#1294,0.013513513513513514,0.24611858444582302,539,9093
org.apache.commons.math3.dfp.Dfp#214,0.013513513513513514,0.2457337183848025,29,490
org.apache.commons.math3.dfp.Dfp#722,0.013513513513513514,0.24423838135609174,1,17
org.apache.commons.math3.dfp.DfpField#633,0.013513513513513514,0.24186713493515882,18,309
org.apache.commons.math3.dfp.Dfp#240,0.013513513513513514,0.23954148940693612,9,156
org.apache.commons.math3.dfp.Dfp#2237,0.013513513513513514,0.23726014188877484,2,35
org.apache.commons.math3.dfp.Dfp#483,0.013513513513513514,0.2366454783087521,11,193
org.apache.commons.math3.dfp.Dfp#1748,0.013513513513513514,0.23603399128469849,198,3483
org.apache.commons.math3.dfp.Dfp#1999,0.013513513513513514,0.23112010891997353,57,1024
org.apache.commons.math3.dfp.DfpField#537,0.013513513513513514,0.23066958239186441,5,90
org.apache.commons.math3.dfp.Dfp#1741,0.013513513513513514,0.2291821592399953,214,3877
org.apache.commons.math3.dfp.Dfp#340,0.013513513513513514,0.22739217938707168,212,3871
org.apache.commons.math3.dfp.Dfp#435,0.013513513513513514,0.22739217938707168,212,3871
org.apache.commons.math3.dfp.Dfp#341,0.013513513513513514,0.22581338065729886,31,570
org.apache.commons.math3.dfp.Dfp#1700,0.013513513513513514,0.2231905344986128,63,1172
org.apache.commons.math3.dfp.Dfp#960,0.013513513513513514,0.21812029412144185,337,6415
org.apache.commons.math3.dfp.Dfp#964,0.013513513513513514,0.21812029412144185,337,6415
org.apache.commons.math3.dfp.Dfp#343,0.013513513513513514,0.2150465429469971,26,502
org.apache.commons.math3.dfp.Dfp#1870,0.013513513513513514,0.21476133533035655,21,406
org.apache.commons.math3.dfp.Dfp#2225,0.013513513513513514,0.2107640854341908,220,4334
org.apache.commons.math3.dfp.DfpField#745,0.013513513513513514,0.21002600108831235,26,514
org.apache.commons.math3.dfp.Dfp#213,0.013513513513513514,0.2095901166380387,58,1149
org.apache.commons.math3.dfp.DfpField#744,0.013513513513513514,0.2095901166380387,58,1149
org.apache.commons.math3.dfp.Dfp#1300,0.013513513513513514,0.2059436337695345,360,7258
org.apache.commons.math3.dfp.Dfp#2163,0.013513513513513514,0.2059436337695345,360,7258
org.apache.commons.math3.dfp.DfpField#584,0.013513513513513514,0.2059436337695345,360,7258
org.apache.commons.math3.dfp.DfpField#627,0.013513513513513514,0.2059436337695345,360,7258
org.apache.commons.math3.dfp.Dfp#745,0.013513513513513514,0.20379340169116095,214,4360
org.apache.commons.math3.dfp.Dfp#455,0.013513513513513514,0.19311872014202602,8,172
org.apache.commons.math3.dfp.DfpField#544,0.013513513513513514,0.19232128197985968,129,2785
org.apache.commons.math3.dfp.Dfp#344,0.013513513513513514,0.1899823477629365,324,7081
org.apache.commons.math3.dfp.Dfp#669,0.013513513513513514,0.18872965832061636,1,22
org.apache.commons.math3.dfp.Dfp#681,0.013513513513513514,0.18872965832061636,1,22
org.apache.commons.math3.dfp.Dfp#1740,0.013513513513513514,0.1841945648674407,24,541
org.apache.commons.math3.dfp.Dfp#448,0.013513513513513514,0.17818649205853235,116,2703
org.apache.commons.math3.dfp.Dfp#1835,0.013513513513513514,0.17710176468000963,18,422
org.apache.commons.math3.dfp.Dfp#1548,0.013513513513513514,0.1677596962849923,8,198
org.apache.commons.math3.dfp.Dfp#968,0.013513513513513514,0.16461882091401778,99,2497
org.apache.commons.math3.dfp.Dfp#1470,0.013513513513513514,0.16239882695814326,97,2480
org.apache.commons.math3.dfp.Dfp#1831,0.013513513513513514,0.14134646750820629,8,235
org.apache.commons.math3.dfp.Dfp#436,0.013513513513513514,0.12814976799548025,10,324
org.apache.commons.math3.dfp.Dfp#1768,0.013513513513513514,0.1277554610170326,12,390
org.apache.commons.math3.dfp.Dfp#1874,0.013513513513513514,0.12284178943945442,25,845
org.apache.commons.math3.dfp.Dfp#432,0.013513513513513514,0.11863007094438742,2,70
org.apache.commons.math3.dfp.DfpField#747,0.013513513513513514,0.09581659576277445,3,130
org.apache.commons.math3.dfp.Dfp#1561,0.013513513513513514,0.08141279378536391,2,102
org.apache.commons.math3.dfp.Dfp#468,0.013513513513513514,0.04772474118452367,1,87
org.apache.commons.math3.dfp.Dfp#232,0.013513513513513514,0.0,0,1
org.apache.commons.math3.dfp.Dfp#450,0.013513513513513514,0.0,0,2
org.apache.commons.math3.dfp.Dfp#452,0.013513513513513514,0.0,0,1
org.apache.commons.math3.dfp.Dfp#460,0.013513513513513514,0.0,0,1
org.apache.commons.math3.dfp.Dfp#470,0.013513513513513514,0.0,0,22
org.apache.commons.math3.dfp.Dfp#471,0.013513513513513514,0.0,0,22
org.apache.commons.math3.dfp.Dfp#506,0.013513513513513514,0.0,0,4
org.apache.commons.math3.dfp.Dfp#526,0.013513513513513514,0.0,0,18
org.apache.commons.math3.dfp.Dfp#1232,0.013513513513513514,0.0,0,11
org.apache.commons.math3.dfp.Dfp#1236,0.013513513513513514,0.0,0,41
org.apache.commons.math3.dfp.Dfp#1237,0.013513513513513514,0.0,0,40
org.apache.commons.math3.dfp.Dfp#1354,0.013513513513513514,0.0,0,7
org.apache.commons.math3.dfp.Dfp#1418,0.013513513513513514,0.0,0,27
org.apache.commons.math3.dfp.Dfp#1419,0.013513513513513514,0.0,0,4
org.apache.commons.math3.dfp.Dfp#1454,0.013513513513513514,0.0,0,5
org.apache.commons.math3.dfp.Dfp#1570,0.013513513513513514,0.0,0,17
org.apache.commons.math3.dfp.Dfp#1785,0.013513513513513514,0.0,0,14
org.apache.commons.math3.dfp.Dfp#1810,0.013513513513513514,0.0,0,13
org.apache.commons.math3.dfp.Dfp#1811,0.013513513513513514,0.0,0,14
org.apache.commons.math3.dfp.Dfp#1854,0.013513513513513514,0.0,0,4
org.apache.commons.math3.dfp.Dfp#1862,0.013513513513513514,0.0,0,4
org.apache.commons.math3.dfp.Dfp#2002,0.013513513513513514,0.0,0,2
org.apache.commons.math3.dfp.Dfp#2007,0.013513513513513514,0.0,0,1
org.apache.commons.math3.dfp.Dfp#2021,0.013513513513513514,0.0,0,3
org.apache.commons.math3.dfp.Dfp#2168,0.013513513513513514,0.0,0,1
org.apache.commons.math3.dfp.Dfp#1087,0.009900990099009901,0.0,0,2
org.apache.commons.math3.util.FastMath#1596,0.003194888178913738,1.9277386528462954,13,28
org.apache.commons.math3.util.FastMath#1559,0.003194888178913738,1.1062344077700839,527,1978
org.apache.commons.math3.util.FastMath#1558,0.003194888178913738,0.6773741211023935,54,331
org.apache.commons.math3.util.FastMath#1590,0.003194888178913738,0.4991143228757763,69,574
org.apache.commons.math3.util.FastMath#1598,0.003194888178913738,0.4825708424141812,149,1282
org.apache.commons.math3.util.FastMath#1573,0.003194888178913738,0.4818407670870352,504,4343
org.apache.commons.math3.util.FastMath#1589,0.003194888178913738,0.458852161199989,41,371
org.apache.commons.math3.util.FastMath#1556,0.003194888178913738,0.4292187559429173,487,4711
org.apache.commons.math3.util.FastMath#1568,0.003194888178913738,0.4175248306981233,414,4117
org.apache.commons.math3.util.FastMath#1584,0.003194888178913738,0.41633046578043814,37,369
org.apache.commons.math3.util.FastMath#1579,0.003194888178913738,0.40479620308321607,35,359
org.apache.commons.math3.util.FastMath#1586,0.003194888178913738,0.40479620308321607,35,359
org.apache.commons.math3.util.FastMath#1580,0.003194888178913738,0.3987070265183882,29,302
org.apache.commons.math3.util.FastMath#1569,0.003194888178913738,0.3931530382290522,353,3728
org.apache.commons.math3.util.FastMath#1592,0.003194888178913738,0.36346867370456865,803,9173
org.apache.commons.math3.util.FastMath#1578,0.003194888178913738,0.35444350465091357,63,738
org.apache.commons.math3.util.FastMath#1557,0.003194888178913738,0.3494049079719519,137,1628
org.apache.commons.math3.util.FastMath#1539,0.003194888178913738,0.31067805292778383,107,1430
org.apache.commons.math3.util.FastMath#1591,0.003194888178913738,0.28036030875745876,268,3969
org.apache.commons.math3.util.FastMath#1587,0.003194888178913738,0.2627881318388329,15,237
org.apache.commons.math3.util.FastMath#1574,0.003194888178913738,0.24611858444582302,539,9093
org.apache.commons.math3.util.FastMath#1583,0.003194888178913738,0.24186713493515882,18,309
org.apache.commons.math3.util.FastMath#1593,0.003194888178913738,0.22739217938707168,212,3871
org.apache.commons.math3.util.FastMath#1489,0.003194888178913738,0.21812029412144185,337,6415
org.apache.commons.math3.util.FastMath#1501,0.003194888178913738,0.21812029412144185,337,6415
org.apache.commons.math3.util.FastMath#1577,0.003194888178913738,0.2059436337695345,360,7258
org.apache.commons.math3.util.FastMath#1525,0.003194888178913738,0.18850853394062733,155,3414
org.apache.commons.math3.util.FastMath#1594,0.003194888178913738,0.10998814524645191,8,302
org.apache.commons.math3.util.FastMath#1478,0.0031847133757961785,0.21812029412144185,337,6415
org.apache.commons.math3.util.FastMath#1444,0.003134796238244514,0.453115292715845,251,2300
org.apache.commons.math3.util.FastMath#1442,0.003134796238244514,0.4427243981514403,769,7212
org.apache.commons.math3.util.FastMath#1448,0.003134796238244514,0.26311614390929905,264,4166
org.apache.commons.math3.util.FastMath#1453,0.003134796238244514,0.21812029412144185,337,6415
org.apache.commons.math3.util.FastMath#898,0.00273224043715847,1.0439446243106092,528,2100
org.apache.commons.math3.util.FastMath#897,0.00273224043715847,0.28591978176716126,23,334
org.apache.commons.math3.util.FastMath#887,0.002688172043010753,0.30629895366788557,72,976
org.apache.commons.math3.util.FastMath#889,0.002688172043010753,0.24046636002240693,15,259
org.apache.commons.math3.util.FastMath#945,0.002570694087403599,2.1018710804075753,3985,7872
org.apache.commons.math3.util.FastMath#1348,0.0025188916876574307,1.3275875965128336,894,2796
org.apache.commons.math3.util.FastMath#1278,0.0025188916876574307,1.08372714545937,889,3406
org.apache.commons.math3.util.FastMath#1292,0.0025188916876574307,1.08372714545937,889,3406
org.apache.commons.math3.util.FastMath#1347,0.0025188916876574307,0.8075579950304989,523,2689
org.apache.commons.math3.util.FastMath#1282,0.0025188916876574307,0.5687743127470629,10,73
org.apache.commons.math3.util.FastMath#1264,0.0025188916876574307,0.5243120994836125,420,3326
org.apache.commons.math3.util.FastMath#1262,0.0025188916876574307,0.5228510534215594,17,135
org.apache.commons.math3.util.FastMath#1273,0.0025188916876574307,0.4991143228757763,69,574
org.apache.commons.math3.util.FastMath#1272,0.0025188916876574307,0.458852161199989,41,371
org.apache.commons.math3.util.FastMath#1245,0.0025188916876574307,0.40888778418416727,1521,15445
org.apache.commons.math3.util.FastMath#1254,0.0025188916876574307,0.40479620308321607,35,359
org.apache.commons.math3.util.FastMath#1255,0.0025188916876574307,0.3987070265183882,29,302
org.apache.commons.math3.util.FastMath#1265,0.0025188916876574307,0.370195827546148,417,4677
org.apache.commons.math3.util.FastMath#1246,0.0025188916876574307,0.36430225545459255,1027,11705
org.apache.commons.math3.util.FastMath#1267,0.0025188916876574307,0.36346867370456865,803,9173
org.apache.commons.math3.util.FastMath#1276,0.0025188916876574307,0.36346867370456865,803,9173
org.apache.commons.math3.util.FastMath#1260,0.0025188916876574307,0.35953527087893955,62,716
org.apache.commons.math3.util.FastMath#1247,0.0025188916876574307,0.3567269883104527,1486,17296
org.apache.commons.math3.util.FastMath#1248,0.0025188916876574307,0.3567269883104527,1486,17296
org.apache.commons.math3.util.FastMath#1249,0.0025188916876574307,0.3567269883104527,1486,17296
org.apache.commons.math3.util.FastMath#1253,0.0025188916876574307,0.35444350465091357,63,738
org.apache.commons.math3.util.FastMath#1277,0.0025188916876574307,0.3317664405139683,367,4593
org.apache.commons.math3.util.FastMath#1291,0.0025188916876574307,0.3317664405139683,367,4593
org.apache.commons.math3.util.FastMath#1274,0.0025188916876574307,0.28036030875745876,268,3969
org.apache.commons.math3.util.FastMath#1259,0.0025188916876574307,0.25092221391315694,53,877
org.apache.commons.math3.util.FastMath#1283,0.0025188916876574307,0.22798893646052373,189,3442
org.apache.commons.math3.util.FastMath#1268,0.0025188916876574307,0.22739217938707168,212,3871
org.apache.commons.math3.util.FastMath#1258,0.0025188916876574307,0.2150465429469971,26,502
org.apache.commons.math3.util.FastMath#1269,0.0025188916876574307,0.21002600108831235,26,514
org.apache.commons.math3.util.FastMath#1252,0.0025188916876574307,0.2059436337695345,360,7258
org.apache.commons.math3.random.BitsStreamGenerator#36,0.002512562814070352,2.1018710804075753,3985,7872
org.apache.commons.math3.random.BitsStreamGenerator#165,0.002512562814070352,2.1018710804075753,3985,7872
org.apache.commons.math3.util.FastMath#1178,0.0024096385542168677,2.4732277345773466,4863,8164
org.apache.commons.math3.util.FastMath#3487,0.0020920502092050207,2.2469209819699216,7330,13545
org.apache.commons.math3.util.FastMathLiteralArrays#6142,0.001736111111111111,2.2469209819699216,7330,13545
org.apache.commons.math3.util.FastMathLiteralArrays#6150,0.001736111111111111,2.2469209819699216,7330,13545
org.apache.commons.math3.util.FastMath#3736,0.001736111111111111,1.3275875965128336,894,2796
org.apache.commons.math3.util.FastMath#948,0.001736111111111111,0.9020288691349981,398,1832
org.apache.commons.math3.util.FastMath#3735,0.001736111111111111,0.8075579950304989,523,2689
org.apache.commons.math3.util.FastMath#923,0.001736111111111111,0.5252933154872604,94,743
org.apache.commons.math3.util.FastMath#905,0.001736111111111111,0.4818407670870352,504,4343
org.apache.commons.math3.util.FastMath#954,0.001736111111111111,0.47170871481785853,743,6540
org.apache.commons.math3.util.FastMath#942,0.001736111111111111,0.4094155336875522,198,2008
org.apache.commons.math3.util.FastMath#907,0.001736111111111111,0.3567269883104527,1486,17296
org.apache.commons.math3.util.FastMath#922,0.001736111111111111,0.35444350465091357,63,738
org.apache.commons.math3.util.FastMath#924,0.001736111111111111,0.28036030875745876,268,3969
org.apache.commons.math3.util.FastMath#940,0.001736111111111111,0.27400309220819385,711,10774
org.apache.commons.math3.util.FastMath#906,0.001736111111111111,0.24611858444582302,539,9093
org.apache.commons.math3.util.FastMath#925,0.001736111111111111,0.22739217938707168,212,3871
org.apache.commons.math3.util.FastMath#926,0.001736111111111111,0.22581338065729886,31,570
org.apache.commons.math3.util.FastMath#933,0.001736111111111111,0.2150465429469971,26,502
org.apache.commons.math3.util.FastMath#913,0.001736111111111111,0.2059436337695345,360,7258
org.apache.commons.math3.util.FastMath#934,0.001736111111111111,0.1899823477629365,324,7081
org.apache.commons.math3.util.FastMathLiteralArrays#6158,0.0017271157167530224,2.2469209819699216,7330,13545
org.apache.commons.math3.util.FastMathLiteralArrays#6166,0.0017271157167530224,2.2469209819699216,7330,13545
org.apache.commons.math3.util.FastMath#3769,0.0017271157167530224,1.3275875965128336,894,2796
org.apache.commons.math3.util.FastMath#3768,0.0017271157167530224,0.8075579950304989,523,2689
org.apache.commons.math3.util.FastMath#849,0.0016778523489932886,0.4824355306645063,559,4811
org.apache.commons.math3.util.FastMathLiteralArrays#6174,0.0016313213703099511,2.2469209819699216,7330,13545
org.apache.commons.math3.util.FastMath#3789,0.0016313213703099511,2.1018710804075753,3985,7872
org.apache.commons.math3.util.FastMath#1346,0.0016313213703099511,0.6787008866529857,17,104
org.apache.commons.math3.util.FastMath#1323,0.0016313213703099511,0.5252933154872604,94,743
org.apache.commons.math3.util.FastMath#1243,0.0016313213703099511,0.4824355306645063,559,4811
org.apache.commons.math3.util.FastMath#1319,0.0016313213703099511,0.4818407670870352,504,4343
org.apache.commons.math3.util.FastMath#1326,0.0016313213703099511,0.36346867370456865,803,9173
org.apache.commons.math3.util.FastMath#1327,0.0016313213703099511,0.36346867370456865,803,9173
org.apache.commons.math3.util.FastMath#1328,0.0016313213703099511,0.36346867370456865,803,9173
org.apache.commons.math3.util.FastMath#1329,0.0016313213703099511,0.36346867370456865,803,9173
org.apache.commons.math3.util.FastMath#1331,0.0016313213703099511,0.36346867370456865,803,9173
org.apache.commons.math3.util.FastMath#1332,0.0016313213703099511,0.36346867370456865,803,9173
org.apache.commons.math3.util.FastMath#1333,0.0016313213703099511,0.36346867370456865,803,9173
org.apache.commons.math3.util.FastMath#1334,0.0016313213703099511,0.36346867370456865,803,9173
org.apache.commons.math3.util.FastMath#1336,0.0016313213703099511,0.36346867370456865,803,9173
org.apache.commons.math3.util.FastMath#1337,0.0016313213703099511,0.36346867370456865,803,9173
org.apache.commons.math3.util.FastMath#1338,0.0016313213703099511,0.36346867370456865,803,9173
org.apache.commons.math3.util.FastMath#1339,0.0016313213703099511,0.36346867370456865,803,9173
org.apache.commons.math3.util.FastMath#1341,0.0016313213703099511,0.36346867370456865,803,9173
org.apache.commons.math3.util.FastMath#1342,0.0016313213703099511,0.36346867370456865,803,9173
org.apache.commons.math3.util.FastMath#1241,0.0016313213703099511,0.3572746780401425,494,5741
org.apache.commons.math3.util.FastMath#1322,0.0016313213703099511,0.35444350465091357,63,738
org.apache.commons.math3.util.FastMath#1227,0.0016313213703099511,0.33813738700353496,197,2419
org.apache.commons.math3.util.FastMath#1324,0.0016313213703099511,0.28036030875745876,268,3969
org.apache.commons.math3.util.FastMath#1240,0.0016313213703099511,0.27400309220819385,711,10774
org.apache.commons.math3.util.FastMath#1343,0.0016313213703099511,0.2484777522241897,231,3860
org.apache.commons.math3.util.FastMath#1238,0.0016313213703099511,0.24611858444582302,539,9093
org.apache.commons.math3.util.FastMath#1320,0.0016313213703099511,0.24611858444582302,539,9093
org.apache.commons.math3.util.FastMath#1351,0.0016313213703099511,0.20722239956631774,218,4368
org.apache.commons.math3.util.FastMath#1321,0.0016313213703099511,0.2059436337695345,360,7258
org.apache.commons.math3.util.FastMath#1344,0.0016313213703099511,0.20113749052854613,14,289
org.apache.commons.math3.util.FastMath#1155,0.0016,0.35113259882841785,194,2294
org.apache.commons.math3.util.FastMath#1177,0.0016,0.3441658806356829,156,1882
org.apache.commons.math3.util.FastMath#1157,0.0016,0.22039684795336031,118,2223
org.apache.commons.math3.util.FastMath#1132,0.001594896331738437,0.6095616293585124,260,1771
org.apache.commons.math3.util.FastMath#1146,0.001594896331738437,0.2897942767955553,174,2493
org.apache.commons.math3.util.FastMath#1135,0.001594896331738437,0.22039684795336031,118,2223
org.apache.commons.math3.util.FastMath#1129,0.0015923566878980893,0.4617529218821895,372,3345
org.apache.commons.math3.random.MersenneTwister#131,-46.0,0.0,0,0
org.apache.commons.math3.random.MersenneTwister#134,-46.0,0.0,0,0
org.apache.commons.math3.random.MersenneTwister#94,-72.0,0.0,0,0
org.apache.commons.math3.random.MersenneTwister#155,-72.0,0.0,0,0
org.apache.commons.math3.random.MersenneTwister#207,-72.0,0.0,0,0
org.apache.commons.math3.random.MersenneTwister#217,-72.0,0.0,0,0
org.apache.commons.math3.dfp.Dfp#203,-74.0,0.0,0,0
org.apache.commons.math3.dfp.Dfp#209,-74.0,0.0,0,0
org.apache.commons.math3.dfp.Dfp#250,-74.0,0.0,0,0
org.apache.commons.math3.dfp.Dfp#322,-74.0,0.0,0,0
org.apache.commons.math3.dfp.Dfp#328,-74.0,0.0,0,0
org.apache.commons.math3.dfp.Dfp#334,-74.0,0.0,0,0
org.apache.commons.math3.dfp.Dfp#451,-74.0,0.0,0,0
org.apache.commons.math3.dfp.Dfp#461,-74.0,0.0,0,0
org.apache.commons.math3.dfp.Dfp#462,-74.0,0.0,0,0
org.apache.commons.math3.dfp.Dfp#494,-74.0,0.0,0,0
org.apache.commons.math3.dfp.Dfp#496,-74.0,0.0,0,0
org.apache.commons.math3.dfp.Dfp#509,-74.0,0.0,0,0
org.apache.commons.math3.dfp.Dfp#517,-74.0,0.0,0,0
org.apache.commons.math3.dfp.Dfp#533,-74.0,0.0,0,0
org.apache.commons.math3.dfp.Dfp#672,-74.0,0.0,0,0
org.apache.commons.math3.dfp.Dfp#674,-74.0,0.0,0,0
org.apache.commons.math3.dfp.Dfp#684,-74.0,0.0,0,0
org.apache.commons.math3.dfp.Dfp#686,-74.0,0.0,0,0
org.apache.commons.math3.dfp.Dfp#1437,-74.0,0.0,0,0
org.apache.commons.math3.dfp.Dfp#1771,-74.0,0.0,0,0
org.apache.commons.math3.dfp.Dfp#1827,-74.0,0.0,0,0
org.apache.commons.math3.dfp.Dfp#1830,-74.0,0.0,0,0
org.apache.commons.math3.dfp.Dfp#2009,-74.0,0.0,0,0
org.apache.commons.math3.dfp.Dfp#2174,-74.0,0.0,0,0
org.apache.commons.math3.dfp.Dfp#2182,-74.0,0.0,0,0
org.apache.commons.math3.dfp.Dfp#2193,-74.0,0.0,0,0
org.apache.commons.math3.dfp.Dfp#2201,-74.0,0.0,0,0
org.apache.commons.math3.dfp.Dfp#2207,-74.0,0.0,0,0
org.apache.commons.math3.dfp.Dfp#2208,-74.0,0.0,0,0
org.apache.commons.math3.dfp.Dfp#2211,-74.0,0.0,0,0
org.apache.commons.math3.dfp.DfpField#30,-74.0,0.0,0,0
org.apache.commons.math3.dfp.DfpField#33,-74.0,0.0,0,0
org.apache.commons.math3.dfp.DfpField#36,-74.0,0.0,0,0
org.apache.commons.math3.dfp.DfpField#39,-74.0,0.0,0,0
org.apache.commons.math3.dfp.DfpField#42,-74.0,0.0,0,0
org.apache.commons.math3.dfp.DfpField#47,-74.0,0.0,0,0
org.apache.commons.math3.dfp.DfpField#50,-74.0,0.0,0,0
org.apache.commons.math3.dfp.DfpField#53,-74.0,0.0,0,0
org.apache.commons.math3.dfp.DfpField#56,-74.0,0.0,0,0
org.apache.commons.math3.dfp.DfpField#178,-74.0,0.0,0,0
org.apache.commons.math3.dfp.DfpField#191,-74.0,0.0,0,0
org.apache.commons.math3.dfp.DfpField#226,-74.0,0.0,0,0
org.apache.commons.math3.dfp.DfpField#245,-74.0,0.0,0,0
org.apache.commons.math3.dfp.DfpField#332,-74.0,0.0,0,0
org.apache.commons.math3.dfp.DfpField#601,-74.0,0.0,0,0
org.apache.commons.math3.util.FastMath#1560,-313.0,0.0,0,0
org.apache.commons.math3.util.FastMath#1293,-397.0,0.0,0,0
org.apache.commons.math3.random.BitsStreamGenerator#35,-398.0,0.0,0,0
org.apache.commons.math3.random.BitsStreamGenerator#37,-398.0,0.0,0,0
org.apache.commons.math3.random.BitsStreamGenerator#166,-398.0,0.0,0,0
org.apache.commons.math3.util.FastMath#3703,-576.0,0.0,0,0
org.apache.commons.math3.util.FastMath#3738,-576.0,0.0,0,0
org.apache.commons.math3.util.FastMath#3742,-579.0,0.0,0,0
org.apache.commons.math3.util.FastMath#3771,-579.0,0.0,0,0
org.apache.commons.math3.util.FastMath#3775,-613.0,0.0,0,0
org.apache.commons.math3.util.FastMath#3791,-613.0,0.0,0,0
org.apache.commons.math3.util.FastMathLiteralArrays#29,-706.0,0.0,0,0
org.apache.commons.math3.util.FastMathLiteralArrays#1535,-706.0,0.0,0,0
org.apache.commons.math3.util.FastMathLiteralArrays#3043,-706.0,0.0,0,0
org.apache.commons.math3.util.FastMathLiteralArrays#4074,-706.0,0.0,0,0
org.apache.commons.math3.util.FastMathLiteralArrays#5103,-706.0,0.0,0,0
org.apache.commons.math3.util.FastMath#82,-2450.0,0.0,0,0
org.apache.commons.math3.util.FastMath#115,-2450.0,0.0,0,0
org.apache.commons.math3.util.FastMath#128,-2450.0,0.0,0,0
org.apache.commons.math3.util.FastMath#141,-2450.0,0.0,0,0
org.apache.commons.math3.util.FastMath#160,-2450.0,0.0,0,0
org.apache.commons.math3.util.FastMath#179,-2450.0,0.0,0,0
org.apache.commons.math3.util.FastMath#198,-2450.0,0.0,0,0
org.apache.commons.math3.util.FastMath#218,-2450.0,0.0,0,0
org.apache.commons.math3.util.FastMath#237,-2450.0,0.0,0,0
org.apache.commons.math3.util.FastMath#256,-2450.0,0.0,0,0
org.apache.commons.math3.util.FastMath#277,-2450.0,0.0,0,0
org.apache.commons.math3.util.FastMath#285,-2450.0,0.0,0,0
org.apache.commons.math3.util.FastMath#288,-2450.0,0.0,0,0