Line,Score,FlashScore,FixFreq,BlockFreq
org.mockito.internal.configuration.SpyAnnotationEngine#60,0.2,0.5260479213129754,9199,17487
org.mockito.internal.stubbing.defaultanswers.ReturnsEmptyValues#70,0.09090909090909091,0.5411590992986341,7330,13545
org.mockito.internal.configuration.injection.SpyOnInjectedFieldsHandler#41,0.08333333333333333,0.5260479213129754,9199,17487
org.mockito.internal.configuration.injection.SpyOnInjectedFieldsHandler#43,0.05555555555555555,0.5260479213129754,9199,17487
org.mockito.internal.configuration.injection.SpyOnInjectedFieldsHandler#38,0.05555555555555555,0.2770012706480305,1962,7083
org.mockito.internal.configuration.injection.SpyOnInjectedFieldsHandler#37,0.05555555555555555,0.2169397645972767,1880,8666
org.mockito.internal.configuration.injection.SpyOnInjectedFieldsHandler#52,0.05555555555555555,0.0,0,0
org.mockito.internal.configuration.injection.filter.NameBasedCandidateFilter#27,0.05263157894736842,0.5956638902498775,4863,8164
org.mockito.internal.configuration.injection.filter.NameBasedCandidateFilter#28,0.05263157894736842,0.5260479213129754,9199,17487
org.mockito.internal.configuration.injection.filter.NameBasedCandidateFilter#26,0.05263157894736842,0.43243243243243246,144,333
org.mockito.internal.stubbing.defaultanswers.ReturnsEmptyValues#66,0.05263157894736842,0.17615701478071238,727,4127
org.mockito.internal.stubbing.defaultanswers.ReturnsEmptyValues#67,0.05263157894736842,0.17526289434151227,1050,5991
org.mockito.internal.stubbing.defaultanswers.ReturnsEmptyValues#65,0.05263157894736842,0.12577241899020347,1669,13270
org.mockito.internal.configuration.injection.filter.NameBasedCandidateFilter#31,0.05263157894736842,0.1092896174863388,100,915
org.mockito.internal.configuration.injection.filter.NameBasedCandidateFilter#30,0.05263157894736842,0.0,0,0
org.mockito.Mockito#1610,0.045454545454545456,0.5260479213129754,9199,17487
org.mockito.internal.MockitoCore#99,0.045454545454545456,0.5260479213129754,9199,17487
org.mockito.internal.util.MockUtil#48,0.045454545454545456,0.2213647441104793,545,2462
org.mockito.internal.util.MockUtil#46,0.045454545454545456,0.14232033818694223,303,2129
org.mockito.internal.util.MockUtil#45,0.045454545454545456,0.10380434782608695,573,5520
org.mockito.internal.util.MockUtil#44,0.045454545454545456,0.09847847199741017,1521,15445
org.mockito.Mockito#1611,0.045454545454545456,0.0,0,0
org.mockito.internal.MockitoCore#101,0.045454545454545456,0.0,0,0
org.mockito.internal.util.MockUtil#49,0.045454545454545456,0.0,0,0
org.mockito.internal.util.reflection.SuperTypesLastSorter#46,0.041666666666666664,0.5660377358490566,30,53
org.mockito.internal.configuration.injection.filter.FinalMockCandidateFilter#43,0.041666666666666664,0.5411590992986341,7330,13545
org.mockito.internal.util.reflection.SuperTypesLastSorter#61,0.041666666666666664,0.5411590992986341,7330,13545
org.mockito.internal.util.reflection.SuperTypesLastSorter#40,0.041666666666666664,0.2770012706480305,1962,7083
org.mockito.internal.util.reflection.SuperTypesLastSorter#38,0.041666666666666664,0.2169397645972767,1880,8666
org.mockito.internal.MockitoCore#98,0.041666666666666664,0.19736842105263158,30,152
org.mockito.internal.MockitoCore#94,0.041666666666666664,0.17868273426137543,860,4813
org.mockito.internal.util.reflection.SuperTypesLastSorter#37,0.041666666666666664,0.17532467532467533,81,462
org.mockito.internal.configuration.injection.filter.FinalMockCandidateFilter#41,0.041666666666666664,0.13870205417196874,763,5501
org.mockito.internal.util.reflection.SuperTypesLastSorter#45,0.041666666666666664,0.12669683257918551,56,442
org.mockito.internal.util.reflection.SuperTypesLastSorter#36,0.041666666666666664,0.11569416498993963,115,994
org.mockito.internal.util.reflection.SuperTypesLastSorter#35,0.041666666666666664,0.10762651461154668,453,4209
org.mockito.internal.util.reflection.SuperTypesLastSorter#34,0.041666666666666664,0.09847847199741017,1521,15445
org.mockito.internal.MockitoCore#95,0.041666666666666664,0.09533468559837728,94,986
org.mockito.internal.MockitoCore#96,0.041666666666666664,0.06521739130434782,6,92
org.mockito.internal.util.reflection.SuperTypesLastSorter#51,0.041666666666666664,0.0,0,0
org.mockito.internal.configuration.SpyAnnotationEngine#62,0.034482758620689655,0.5260479213129754,9199,17487
org.mockito.internal.util.reflection.FieldInitializer#195,0.030303030303030304,0.5956638902498775,4863,8164
org.mockito.internal.util.reflection.FieldInitializer#196,0.030303030303030304,0.5260479213129754,9199,17487
org.mockito.internal.util.reflection.FieldInitializer#278,0.030303030303030304,0.4892772041302621,1848,3777
org.mockito.internal.util.reflection.FieldInitializer#176,0.030303030303030304,0.19621749408983452,83,423
org.mockito.internal.util.reflection.FieldInitializer#183,0.030303030303030304,0.18892988929889298,256,1355
org.mockito.internal.configuration.injection.ConstructorInjection#61,0.030303030303030304,0.13870205417196874,763,5501
org.mockito.internal.util.reflection.FieldInitializer#185,0.030303030303030304,0.13705583756345177,918,6698
org.mockito.internal.util.reflection.FieldInitializer#179,0.030303030303030304,0.1111111111111111,20,180
org.mockito.internal.util.reflection.FieldInitializer#182,0.030303030303030304,0.10550996483001172,90,853
org.mockito.internal.util.reflection.FieldInitializer#178,0.030303030303030304,0.07625649913344887,88,1154
org.mockito.internal.util.reflection.FieldInitializer#181,0.030303030303030304,0.0746054519368723,52,697
org.mockito.internal.util.reflection.FieldInitializer#175,0.030303030303030304,0.05581761006289308,497,8904
org.mockito.internal.configuration.injection.ConstructorInjection#56,0.029411764705882353,0.40319258496395466,783,1942
org.mockito.internal.configuration.injection.ConstructorInjection#55,0.029411764705882353,0.0,0,0
org.mockito.internal.configuration.SpyAnnotationEngine#61,0.02702702702702703,0.3333333333333333,1,3
org.mockito.internal.configuration.SpyAnnotationEngine#56,0.02702702702702703,0.18181818181818182,24,132
org.mockito.internal.configuration.SpyAnnotationEngine#57,0.02702702702702703,0.11294311624072548,137,1213
org.mockito.internal.configuration.SpyAnnotationEngine#71,0.02702702702702703,0.0,0,0
org.mockito.internal.configuration.SpyAnnotationEngine#81,0.02702702702702703,0.0,0,0
org.mockito.internal.configuration.SpyAnnotationEngine#78,0.02631578947368421,0.290468133107727,515,1773
org.mockito.internal.configuration.SpyAnnotationEngine#77,0.02631578947368421,0.20772058823529413,339,1632
org.mockito.internal.configuration.SpyAnnotationEngine#51,0.02631578947368421,0.13083015547081256,446,3409
org.mockito.internal.configuration.SpyAnnotationEngine#52,0.02631578947368421,0.0949367088607595,30,316
org.mockito.internal.configuration.SpyAnnotationEngine#55,0.02631578947368421,0.07786116322701689,83,1066
org.mockito.internal.configuration.SpyAnnotationEngine#128,0.02631578947368421,0.0,0,0
org.mockito.internal.util.reflection.FieldInitializer#121,0.02564102564102564,0.5411590992986341,7330,13545
org.mockito.internal.configuration.SpyAnnotationEngine#124,0.025,0.5956638902498775,4863,8164
org.mockito.internal.configuration.SpyAnnotationEngine#123,0.025,0.5463483146067416,389,712
org.mockito.internal.util.reflection.BeanPropertySetter#93,0.023255813953488372,0.5956638902498775,4863,8164
org.mockito.internal.configuration.injection.filter.FinalMockCandidateFilter#31,0.023255813953488372,0.5260479213129754,9199,17487
org.mockito.internal.util.reflection.BeanPropertySetter#66,0.023255813953488372,0.5260479213129754,9199,17487
org.mockito.internal.util.reflection.BeanPropertySetter#73,0.023255813953488372,0.12121212121212122,8,66
org.mockito.internal.util.reflection.BeanPropertySetter#74,0.023255813953488372,0.11601437699680511,581,5008
org.mockito.internal.util.reflection.BeanPropertySetter#65,0.023255813953488372,0.0,0,0
org.mockito.internal.util.reflection.BeanPropertySetter#96,0.023255813953488372,0.0,0,0
org.mockito.internal.util.reflection.BeanPropertySetter#41,0.022222222222222223,0.5962059620596206,220,369
org.mockito.internal.configuration.injection.filter.FinalMockCandidateFilter#30,0.022222222222222223,0.5956638902498775,4863,8164
org.mockito.internal.util.reflection.BeanPropertySetter#68,0.022222222222222223,0.5956638902498775,4863,8164
org.mockito.internal.util.collections.HashCodeAndEqualsSafeSet#71,0.022222222222222223,0.5411590992986341,7330,13545
org.mockito.internal.util.reflection.BeanPropertySetter#86,0.022222222222222223,0.5411590992986341,7330,13545
org.mockito.internal.configuration.injection.filter.TypeBasedCandidateFilter#24,0.022222222222222223,0.5260479213129754,9199,17487
org.mockito.internal.configuration.injection.filter.FinalMockCandidateFilter#25,0.022222222222222223,0.41436100131752307,629,1518
org.mockito.internal.configuration.injection.filter.FinalMockCandidateFilter#27,0.022222222222222223,0.2761061946902655,624,2260
org.mockito.internal.util.reflection.BeanPropertySetter#32,0.022222222222222223,0.26100998238402817,889,3406
org.mockito.internal.configuration.injection.PropertyAndSetterInjection#117,0.022222222222222223,0.20034246575342465,117,584
org.mockito.internal.util.reflection.BeanPropertySetter#54,0.022222222222222223,0.19583333333333333,47,240
org.mockito.internal.util.collections.HashCodeAndEqualsMockWrapper#44,0.022222222222222223,0.15584415584415584,48,308
org.mockito.internal.util.collections.HashCodeAndEqualsMockWrapper#46,0.022222222222222223,0.15237543453070684,263,1726
org.mockito.internal.configuration.injection.PropertyAndSetterInjection#118,0.022222222222222223,0.1442998640512721,743,5149
org.mockito.internal.configuration.injection.PropertyAndSetterInjection#116,0.022222222222222223,0.13620324629498942,193,1417
org.mockito.internal.util.reflection.BeanPropertySetter#30,0.022222222222222223,0.12627781118460613,420,3326
org.mockito.internal.configuration.injection.filter.FinalMockCandidateFilter#36,0.022222222222222223,0.12176165803108809,47,386
org.mockito.internal.util.reflection.BeanPropertySetter#31,0.022222222222222223,0.11431742508324085,206,1802
org.mockito.internal.util.reflection.BeanPropertySetter#53,0.022222222222222223,0.05581761006289308,497,8904
org.mockito.internal.configuration.injection.filter.FinalMockCandidateFilter#35,0.022222222222222223,0.0,0,0
org.mockito.internal.util.collections.HashCodeAndEqualsMockWrapper#41,0.022222222222222223,0.0,0,0
org.mockito.internal.util.collections.HashCodeAndEqualsMockWrapper#42,0.022222222222222223,0.0,0,0
org.mockito.internal.util.reflection.BeanPropertySetter#29,0.022222222222222223,0.0,0,0
org.mockito.internal.util.reflection.BeanPropertySetter#33,0.022222222222222223,0.0,0,0
org.mockito.internal.util.reflection.BeanPropertySetter#42,0.022222222222222223,0.0,0,0
org.mockito.internal.configuration.injection.filter.TypeBasedCandidateFilter#23,0.021739130434782608,0.5956638902498775,4863,8164
org.mockito.internal.configuration.injection.filter.FinalMockCandidateFilter#24,0.021739130434782608,0.40319258496395466,783,1942
org.mockito.internal.configuration.injection.filter.TypeBasedCandidateFilter#22,0.021739130434782608,0.2719869706840391,167,614
org.mockito.internal.configuration.injection.filter.NameBasedCandidateFilter#25,0.021739130434782608,0.24615921787709497,705,2864
org.mockito.internal.configuration.injection.filter.TypeBasedCandidateFilter#21,0.021739130434782608,0.23546511627906977,162,688
org.mockito.internal.configuration.injection.PropertyAndSetterInjection#114,0.021739130434782608,0.17615701478071238,727,4127
org.mockito.internal.configuration.injection.PropertyAndSetterInjection#115,0.021739130434782608,0.17526289434151227,1050,5991
org.mockito.internal.configuration.injection.filter.TypeBasedCandidateFilter#28,0.021739130434782608,0.1440501043841336,207,1437
org.mockito.internal.configuration.injection.filter.NameBasedCandidateFilter#24,0.021739130434782608,0.1291564039408867,839,6496
org.mockito.internal.configuration.injection.filter.NameBasedCandidateFilter#43,0.021739130434782608,0.12754835337166753,976,7652
org.mockito.internal.configuration.injection.PropertyAndSetterInjection#113,0.021739130434782608,0.12577241899020347,1669,13270
org.mockito.internal.configuration.injection.PropertyAndSetterInjection#120,0.021739130434782608,0.0,0,0
org.mockito.internal.configuration.injection.filter.TypeBasedCandidateFilter#26,0.021739130434782608,0.0,0,0
org.mockito.internal.util.reflection.FieldInitializationReport#46,0.019230769230769232,0.5411590992986341,7330,13545
org.mockito.internal.configuration.injection.ConstructorInjection#52,0.019230769230769232,0.3120567375886525,220,705
org.mockito.internal.configuration.injection.ConstructorInjection#54,0.019230769230769232,0.2155511811023622,438,2032
org.mockito.internal.util.reflection.FieldInitializer#124,0.018867924528301886,0.12754835337166753,976,7652
org.mockito.internal.util.reflection.FieldInitializer#113,0.018518518518518517,0.5956638902498775,4863,8164
org.mockito.internal.util.reflection.FieldInitializer#69,0.018518518518518517,0.1582293959403277,1294,8178
org.mockito.internal.util.reflection.FieldInitializer#68,0.018518518518518517,0.06157596728530985,783,12716
org.mockito.internal.util.reflection.FieldInitializer#110,0.018518518518518517,0.0,0,0
org.mockito.internal.util.reflection.FieldInitializer#116,0.018518518518518517,0.0,0,0
org.mockito.internal.util.reflection.FieldInitializer#95,0.01818181818181818,0.5956638902498775,4863,8164
org.mockito.internal.util.reflection.FieldInitializer#101,0.01818181818181818,0.5956638902498775,4863,8164
org.mockito.internal.util.reflection.FieldInitializer#107,0.01818181818181818,0.5956638902498775,4863,8164
org.mockito.internal.util.reflection.FieldInitializer#66,0.01818181818181818,0.17868273426137543,860,4813
org.mockito.internal.util.reflection.FieldInitializer#67,0.01818181818181818,0.04768962510897995,547,11470
org.mockito.internal.util.reflection.FieldInitializer#98,0.01818181818181818,0.0,0,0
org.mockito.internal.util.reflection.FieldInitializer#104,0.01818181818181818,0.0,0,0
org.mockito.internal.configuration.injection.PropertyAndSetterInjection#112,0.017857142857142856,0.9885496183206107,259,262
org.mockito.internal.util.reflection.LenientCopyTool#37,0.017857142857142856,0.8,28,35
org.mockito.internal.util.reflection.FieldInitializer#46,0.017857142857142856,0.5962059620596206,220,369
org.mockito.internal.configuration.injection.PropertyAndSetterInjection#66,0.017857142857142856,0.5411590992986341,7330,13545
org.mockito.internal.util.collections.Sets#16,0.017857142857142856,0.5411590992986341,7330,13545
org.mockito.internal.util.reflection.FieldInitializationReport#28,0.017857142857142856,0.5411590992986341,7330,13545
org.mockito.internal.util.reflection.FieldInitializationReport#55,0.017857142857142856,0.5411590992986341,7330,13545
org.mockito.internal.util.collections.HashCodeAndEqualsSafeSet#153,0.017857142857142856,0.5260479213129754,9199,17487
org.mockito.internal.configuration.injection.PropertyAndSetterInjection#89,0.017857142857142856,0.506224593495935,3985,7872
org.mockito.internal.configuration.injection.PropertyAndSetterInjection#81,0.017857142857142856,0.3197424892703863,894,2796
org.mockito.internal.configuration.injection.PropertyAndSetterInjection#126,0.017857142857142856,0.31208053691275167,93,298
org.mockito.internal.util.reflection.SuperTypesLastSorter#31,0.017857142857142856,0.20754716981132076,11,53
org.mockito.internal.configuration.injection.PropertyAndSetterInjection#80,0.017857142857142856,0.19449609520267758,523,2689
org.mockito.internal.configuration.injection.PropertyAndSetterInjection#107,0.017857142857142856,0.18834080717488788,42,223
org.mockito.internal.configuration.injection.PropertyAndSetterInjection#103,0.017857142857142856,0.18321678321678322,131,715
org.mockito.internal.configuration.injection.PropertyAndSetterInjection#121,0.017857142857142856,0.16358024691358025,159,972
org.mockito.internal.configuration.injection.PropertyAndSetterInjection#97,0.017857142857142856,0.15930388219544847,119,747
org.mockito.internal.util.reflection.SuperTypesLastSorter#33,0.017857142857142856,0.14465408805031446,46,318
org.mockito.internal.util.reflection.SuperTypesLastSorter#29,0.017857142857142856,0.14309484193011648,86,601
org.mockito.internal.configuration.injection.PropertyAndSetterInjection#83,0.017857142857142856,0.13389121338912133,128,956
org.mockito.internal.util.reflection.SuperTypesLastSorter#53,0.017857142857142856,0.13389121338912133,128,956
org.mockito.internal.configuration.injection.PropertyAndSetterInjection#79,0.017857142857142856,0.125,82,656
org.mockito.internal.configuration.injection.PropertyAndSetterInjection#108,0.017857142857142856,0.12290502793296089,110,895
org.mockito.internal.util.reflection.SuperTypesLastSorter#27,0.017857142857142856,0.116289592760181,514,4420
org.mockito.internal.configuration.injection.PropertyAndSetterInjection#105,0.017857142857142856,0.11604095563139932,34,293
org.mockito.internal.configuration.injection.PropertyAndSetterInjection#128,0.017857142857142856,0.11310190369540873,101,893
org.mockito.internal.configuration.injection.PropertyAndSetterInjection#78,0.017857142857142856,0.10119047619047619,51,504
org.mockito.internal.configuration.injection.PropertyAndSetterInjection#73,0.017857142857142856,0.09847847199741017,1521,15445
org.mockito.internal.configuration.injection.PropertyAndSetterInjection#125,0.017857142857142856,0.09031318281136198,124,1373
org.mockito.internal.configuration.injection.PropertyAndSetterInjection#76,0.017857142857142856,0.0877402819307988,1027,11705
org.mockito.internal.configuration.injection.PropertyAndSetterInjection#102,0.017857142857142856,0.05975753674498444,557,9321
org.mockito.internal.configuration.injection.PropertyAndSetterInjection#77,0.017857142857142856,0.050780700520467015,361,7109
org.mockito.internal.configuration.injection.PropertyAndSetterInjection#96,0.017857142857142856,0.0,0,0
org.mockito.internal.util.collections.HashCodeAndEqualsSafeSet#154,0.017857142857142856,0.0,0,0
org.mockito.internal.util.reflection.FieldInitializer#47,0.017857142857142856,0.0,0,0
org.mockito.internal.util.reflection.SuperTypesLastSorter#19,0.017857142857142856,0.0,0,0
org.mockito.internal.util.reflection.FieldInitializer#270,0.017543859649122806,0.5956638902498775,4863,8164
org.mockito.internal.util.reflection.FieldInitializer#277,0.017543859649122806,0.5956638902498775,4863,8164
org.mockito.internal.util.reflection.FieldInitializer#271,0.017543859649122806,0.5260479213129754,9199,17487
org.mockito.internal.util.reflection.FieldInitializer#171,0.017543859649122806,0.3197424892703863,894,2796
org.mockito.internal.util.reflection.FieldInitializer#251,0.017543859649122806,0.19621749408983452,83,423
org.mockito.internal.util.reflection.FieldInitializer#170,0.017543859649122806,0.19449609520267758,523,2689
org.mockito.internal.configuration.injection.PropertyAndSetterInjection#87,0.017543859649122806,0.12389380530973451,70,565
org.mockito.internal.util.reflection.FieldInitializer#284,0.017543859649122806,0.11824324324324324,175,1480
org.mockito.internal.util.reflection.FieldInitializer#283,0.017543859649122806,0.116289592760181,514,4420
org.mockito.internal.util.reflection.FieldInitializer#286,0.017543859649122806,0.06222707423580786,57,916
org.mockito.internal.util.reflection.FieldInitializer#250,0.017543859649122806,0.05581761006289308,497,8904
org.mockito.internal.util.reflection.FieldInitializer#169,0.017543859649122806,0.0,0,0
org.mockito.internal.util.reflection.FieldInitializer#172,0.017543859649122806,0.0,0,0
org.mockito.internal.util.reflection.SuperTypesLastSorter#57,0.017543859649122806,0.0,0,0
org.mockito.internal.util.reflection.SuperTypesLastSorter#58,0.017543859649122806,0.0,0,0
org.mockito.internal.configuration.injection.SpyOnInjectedFieldsHandler#35,0.015625,0.24615921787709497,705,2864
org.mockito.internal.configuration.injection.SpyOnInjectedFieldsHandler#32,0.015625,0.1291564039408867,839,6496
org.mockito.internal.configuration.injection.SpyOnInjectedFieldsHandler#55,0.015625,0.12754835337166753,976,7652
org.mockito.internal.configuration.injection.MockInjectionStrategy#69,0.015384615384615385,0.5411590992986341,7330,13545
org.mockito.internal.configuration.injection.scanner.InjectMocksScanner#53,0.015384615384615385,0.23844580777096114,1166,4890
org.mockito.internal.configuration.injection.scanner.InjectMocksScanner#54,0.015384615384615385,0.1945080091533181,1275,6555
org.mockito.internal.configuration.injection.scanner.InjectMocksScanner#67,0.015384615384615385,0.0,0,0
org.mockito.internal.util.reflection.FieldInitializer#61,0.014925373134328358,0.5962059620596206,220,369
org.mockito.internal.configuration.injection.scanner.InjectMocksScanner#63,0.014925373134328358,0.5956638902498775,4863,8164
org.mockito.internal.configuration.injection.scanner.InjectMocksScanner#62,0.014925373134328358,0.5463483146067416,389,712
org.mockito.internal.util.reflection.FieldInitializer#62,0.014925373134328358,0.0,0,0
org.mockito.internal.configuration.injection.MockInjectionStrategy#89,0.014705882352941176,0.5411590992986341,7330,13545
org.mockito.internal.util.reflection.FieldInitializer#86,0.014705882352941176,0.5411590992986341,7330,13545
org.mockito.internal.configuration.injection.ConstructorInjection#73,0.014705882352941176,0.506224593495935,3985,7872
org.mockito.internal.util.reflection.FieldInitializer#120,0.014705882352941176,0.24615921787709497,705,2864
org.mockito.internal.configuration.injection.MockInjection#92,0.014705882352941176,0.23844580777096114,1166,4890
org.mockito.internal.configuration.injection.MockInjection#93,0.014705882352941176,0.1945080091533181,1275,6555
org.mockito.internal.configuration.injection.MockInjectionStrategy#71,0.014705882352941176,0.13870205417196874,763,5501
org.mockito.internal.util.reflection.FieldInitializer#119,0.014705882352941176,0.1291564039408867,839,6496
org.mockito.internal.configuration.injection.ConstructorInjection#51,0.014705882352941176,0.05513501299288216,488,8851
org.mockito.internal.configuration.injection.ConstructorInjection#72,0.014705882352941176,0.0,0,0
org.mockito.internal.configuration.injection.ConstructorInjection#74,0.014705882352941176,0.0,0,0
org.mockito.internal.configuration.injection.MockInjection#94,0.014705882352941176,0.0,0,0
org.mockito.internal.configuration.injection.MockInjectionStrategy#22,0.014492753623188406,0.5411590992986341,7330,13545
org.mockito.internal.util.reflection.FieldInitializer#90,0.014492753623188406,0.5260479213129754,9199,17487
org.mockito.internal.configuration.injection.MockInjectionStrategy#68,0.014492753623188406,0.40319258496395466,783,1942
org.mockito.internal.util.reflection.FieldInitializer#83,0.014492753623188406,0.26666666666666666,48,180
org.mockito.internal.util.reflection.FieldInitializer#73,0.014492753623188406,0.26100998238402817,889,3406
org.mockito.internal.util.reflection.FieldInitializer#82,0.014492753623188406,0.07282831237203861,249,3419
org.mockito.internal.util.reflection.FieldInitializer#72,0.014492753623188406,0.059463986599664995,71,1194
org.mockito.internal.util.reflection.FieldInitializer#71,0.014492753623188406,0.048728813559322036,23,472
org.mockito.internal.util.reflection.FieldInitializer#74,0.014492753623188406,0.0,0,0
org.mockito.internal.util.Checks#23,0.014285714285714285,0.5260479213129754,9199,17487
org.mockito.internal.util.reflection.FieldInitializationReport#19,0.014285714285714285,0.26100998238402817,889,3406
org.mockito.internal.util.reflection.FieldInitializationReport#17,0.014285714285714285,0.12627781118460613,420,3326
org.mockito.internal.util.reflection.FieldInitializationReport#18,0.014285714285714285,0.11431742508324085,206,1802
org.mockito.internal.util.reflection.FieldInitializer#65,0.014285714285714285,0.10041265474552957,73,727
org.mockito.internal.util.Checks#24,0.014285714285714285,0.0,0,0
org.mockito.internal.util.reflection.FieldInitializationReport#16,0.014285714285714285,0.0,0,0
org.mockito.internal.util.reflection.FieldInitializationReport#20,0.014285714285714285,0.0,0,0
org.mockito.internal.util.reflection.FieldInitializer#64,0.014285714285714285,0.0,0,0
org.mockito.internal.util.reflection.FieldReader#24,0.013888888888888888,0.5411590992986341,7330,13545
org.mockito.internal.util.MockUtil#37,0.0136986301369863,0.5260479213129754,9199,17487
org.mockito.internal.util.MockCreationValidator#44,0.0136986301369863,0.0,0,0
org.mockito.internal.creation.MockSettingsImpl#76,0.013513513513513514,0.43434343434343436,86,198
org.mockito.internal.util.reflection.FieldInitializer#246,0.013513513513513514,0.26100998238402817,889,3406
org.mockito.internal.util.MockCreationValidator#41,0.013513513513513514,0.22470674486803519,613,2728
org.mockito.internal.creation.MockSettingsImpl#77,0.013513513513513514,0.16960651289009498,125,737
org.mockito.internal.util.reflection.FieldInitializer#244,0.013513513513513514,0.12627781118460613,420,3326
org.mockito.internal.util.reflection.FieldInitializer#245,0.013513513513513514,0.11431742508324085,206,1802
org.mockito.internal.util.reflection.FieldInitializer#216,0.013513513513513514,0.0,0,0
org.mockito.internal.util.reflection.FieldInitializer#217,0.013513513513513514,0.0,0,0
org.mockito.internal.util.reflection.FieldInitializer#243,0.013513513513513514,0.0,0,0
org.mockito.internal.util.reflection.FieldInitializer#247,0.013513513513513514,0.0,0,0
org.mockito.internal.util.reflection.FieldCopier#13,0.013333333333333334,0.2787524366471735,858,3078
org.mockito.internal.util.reflection.FieldCopier#12,0.013333333333333334,0.16550559425796918,784,4737
org.mockito.internal.util.reflection.FieldCopier#14,0.013333333333333334,0.0,0,0
org.mockito.internal.util.reflection.LenientCopyTool#46,0.013157894736842105,0.5260479213129754,9199,17487
org.mockito.internal.util.reflection.LenientCopyTool#41,0.013157894736842105,0.23844580777096114,1166,4890
org.mockito.internal.util.reflection.LenientCopyTool#42,0.013157894736842105,0.1945080091533181,1275,6555
org.mockito.internal.util.reflection.LenientCopyTool#39,0.013157894736842105,0.11855670103092783,23,194
org.mockito.internal.util.reflection.LenientCopyTool#35,0.013157894736842105,0.1002931056454696,787,7847
org.mockito.internal.util.reflection.LenientCopyTool#36,0.013157894736842105,0.06800286327845383,95,1397
org.mockito.internal.util.reflection.LenientCopyTool#47,0.013157894736842105,0.0,0,0
org.mockito.internal.util.reflection.LenientCopyTool#16,0.0125,0.5260479213129754,9199,17487
org.mockito.internal.util.reflection.LenientCopyTool#17,0.0125,0.0,0,0
org.mockito.internal.util.reflection.LenientCopyTool#24,0.012048192771084338,0.4811320754716981,51,106
org.mockito.internal.util.reflection.LenientCopyTool#33,0.012048192771084338,0.3917525773195876,228,582
org.mockito.internal.util.reflection.LenientCopyTool#25,0.012048192771084338,0.2633204633204633,341,1295
org.mockito.internal.util.reflection.LenientCopyTool#31,0.012048192771084338,0.19478737997256515,142,729
org.mockito.internal.util.reflection.LenientCopyTool#26,0.012048192771084338,0.17493297587131368,261,1492
org.mockito.internal.util.reflection.FieldCopier#9,0.012048192771084338,0.0,0,0
org.mockito.internal.util.reflection.LenientCopyTool#11,0.012048192771084338,0.0,0,0
org.mockito.internal.util.reflection.LenientCopyTool#13,0.012048192771084338,0.0,0,0
org.mockito.internal.util.reflection.LenientCopyTool#28,0.012048192771084338,0.0,0,0
org.mockito.internal.util.reflection.LenientCopyTool#49,0.012048192771084338,0.0,0,0
org.mockito.internal.util.MockNameImpl#42,0.009523809523809525,0.5411590992986341,7330,13545
org.mockito.internal.configuration.DefaultAnnotationEngine#52,0.007352941176470588,0.5411590992986341,7330,13545
org.mockito.internal.configuration.DefaultAnnotationEngine#50,0.007352941176470588,0.13870205417196874,763,5501
org.mockito.exceptions.base.MockitoException#35,0.005555555555555556,0.42857142857142855,45,105
org.mockito.exceptions.base.MockitoException#34,0.005555555555555556,0.15950920245398773,26,163
org.mockito.exceptions.base.MockitoException#36,0.005555555555555556,0.0,0,0
org.mockito.exceptions.base.MockitoException#41,0.0051813471502590676,0.22764227642276422,28,123
org.mockito.exceptions.base.MockitoException#42,0.0051813471502590676,0.11795774647887323,201,1704
org.mockito.exceptions.base.MockitoException#39,0.0051813471502590676,0.1111111111111111,73,657
org.mockito.exceptions.base.MockitoException#43,0.0051813471502590676,0.0,0,0
org.mockito.internal.util.MockNameImpl#47,0.004016064257028112,0.5411590992986341,7330,13545
org.mockito.internal.creation.settings.CreationSettings#85,0.0030581039755351682,0.5411590992986341,7330,13545
org.mockito.internal.util.MockUtil#78,0.0030581039755351682,0.5411590992986341,7330,13545
org.mockito.internal.handler.InvocationNotifierHandler#68,0.0029411764705882353,0.5411590992986341,7330,13545
org.mockito.internal.handler.MockHandlerImpl#115,0.0029411764705882353,0.5411590992986341,7330,13545
org.mockito.internal.handler.NullResultGuardian#42,0.0029411764705882353,0.5411590992986341,7330,13545
org.mockito.internal.util.collections.ListUtil#17,0.0025,0.5260479213129754,9199,17487
org.mockito.internal.exceptions.stacktrace.ConditionalStackTraceFilter#21,0.0024449877750611247,0.5411590992986341,7330,13545
org.mockito.internal.util.collections.ListUtil#16,0.0024330900243309003,0.5956638902498775,4863,8164
org.mockito.internal.util.collections.ListUtil#19,0.0024330900243309003,0.0,0,0
org.mockito.internal.configuration.GlobalConfiguration#59,0.002369668246445498,0.5411590992986341,7330,13545
org.mockito.internal.exceptions.stacktrace.ConditionalStackTraceFilter#20,0.002369668246445498,0.1001150747986191,261,2607
org.mockito.internal.exceptions.stacktrace.ConditionalStackTraceFilter#13,0.002331002331002331,0.0,0,0
org.mockito.internal.exceptions.stacktrace.ConditionalStackTraceFilter#16,0.002331002331002331,0.0,0,0
org.mockito.internal.exceptions.stacktrace.ConditionalStackTraceFilter#17,0.002331002331002331,0.0,0,0
org.mockito.internal.util.collections.ListUtil#15,0.002277904328018223,0.2719869706840391,167,614
org.mockito.internal.util.collections.ListUtil#14,0.002277904328018223,0.23546511627906977,162,688
org.mockito.internal.util.collections.ListUtil#20,0.002277904328018223,0.1440501043841336,207,1437
org.mockito.internal.util.MockUtil#57,0.002178649237472767,0.41436100131752307,629,1518
org.mockito.internal.util.MockUtil#58,0.002178649237472767,0.2761061946902655,624,2260
org.mockito.internal.util.MockUtil#56,0.002150537634408602,0.22470674486803519,613,2728
org.mockito.internal.util.MockUtil#52,0.0021413276231263384,0.15961199294532627,362,2268
org.mockito.internal.configuration.MockAnnotationProcessor#23,0.0019083969465648854,0.5260479213129754,9199,17487
org.mockito.internal.configuration.MockAnnotationProcessor#32,0.0019083969465648854,0.20602409638554217,171,830
org.mockito.internal.configuration.MockAnnotationProcessor#33,0.0019083969465648854,0.13925294888597642,850,6104
org.mockito.internal.configuration.MockAnnotationProcessor#19,0.0019083969465648854,0.1091304347826087,251,2300
org.mockito.internal.configuration.MockAnnotationProcessor#18,0.0019083969465648854,0.10662784248474765,769,7212
org.mockito.internal.configuration.MockAnnotationProcessor#22,0.0019083969465648854,0.10494834148994019,193,1839
org.mockito.internal.configuration.MockAnnotationProcessor#27,0.0019083969465648854,0.053973013493253376,36,667
org.mockito.internal.handler.NullResultGuardian#35,0.0019011406844106464,0.5411590992986341,7330,13545
org.mockito.internal.configuration.DefaultAnnotationEngine#82,0.0018975332068311196,0.5956638902498775,4863,8164
org.mockito.internal.configuration.DefaultAnnotationEngine#71,0.0018975332068311196,0.5260479213129754,9199,17487
org.mockito.internal.configuration.DefaultAnnotationEngine#68,0.0018975332068311196,0.08181818181818182,54,660
org.mockito.internal.configuration.DefaultAnnotationEngine#69,0.0018975332068311196,0.0,0,8
org.mockito.internal.configuration.DefaultAnnotationEngine#75,0.0018975332068311196,0.0,0,0
org.mockito.internal.configuration.DefaultAnnotationEngine#85,0.0018975332068311196,0.0,0,0
org.mockito.MockitoAnnotations#138,0.001893939393939394,0.5956638902498775,4863,8164
org.mockito.configuration.DefaultMockitoConfiguration#32,0.001893939393939394,0.5411590992986341,7330,13545
org.mockito.internal.configuration.DefaultAnnotationEngine#48,0.001893939393939394,0.5411590992986341,7330,13545
org.mockito.MockitoAnnotations#128,0.001893939393939394,0.5260479213129754,9199,17487
org.mockito.MockitoAnnotations#125,0.001893939393939394,0.08181818181818182,54,660
org.mockito.MockitoAnnotations#126,0.001893939393939394,0.0,0,8
org.mockito.MockitoAnnotations#132,0.001893939393939394,0.0,0,0
org.mockito.MockitoAnnotations#141,0.001893939393939394,0.0,0,0
org.mockito.internal.configuration.GlobalConfiguration#67,0.001890359168241966,0.5411590992986341,7330,13545
org.mockito.internal.stubbing.defaultanswers.GloballyConfiguredAnswer#24,0.001890359168241966,0.5411590992986341,7330,13545
org.mockito.internal.util.reflection.FieldSetter#23,0.0018656716417910447,0.5260479213129754,9199,17487
org.mockito.internal.util.reflection.FieldSetter#16,0.0018656716417910447,0.3197424892703863,894,2796
org.mockito.internal.util.reflection.FieldSetter#15,0.0018656716417910447,0.19449609520267758,523,2689
org.mockito.internal.util.reflection.FieldSetter#30,0.0018656716417910447,0.11026615969581749,29,263
org.mockito.internal.util.reflection.FieldSetter#20,0.0018656716417910447,0.07282831237203861,249,3419
org.mockito.internal.util.reflection.FieldSetter#21,0.0018656716417910447,0.07216494845360824,7,97
org.mockito.internal.util.reflection.FieldSetter#14,0.0018656716417910447,0.0,0,0
org.mockito.internal.util.reflection.FieldSetter#17,0.0018656716417910447,0.0,0,0
org.mockito.internal.util.reflection.FieldSetter#29,0.0018656716417910447,0.0,0,0
org.mockito.internal.util.reflection.FieldSetter#31,0.0018656716417910447,0.0,0,0
org.mockito.internal.configuration.injection.scanner.MockScanner#71,0.00186219739292365,0.5411590992986341,7330,13545
org.mockito.internal.configuration.InjectingAnnotationEngine#35,0.001834862385321101,0.5411590992986341,7330,13545
org.mockito.MockitoAnnotations#124,0.0018281535648994515,0.2770012706480305,1962,7083
org.mockito.internal.configuration.DefaultAnnotationEngine#67,0.0018281535648994515,0.2770012706480305,1962,7083
org.mockito.MockitoAnnotations#123,0.0018281535648994515,0.2169397645972767,1880,8666
org.mockito.internal.configuration.DefaultAnnotationEngine#66,0.0018281535648994515,0.2169397645972767,1880,8666
org.mockito.internal.configuration.DefaultAnnotationEngine#43,0.0018248175182481751,0.5411590992986341,7330,13545
org.mockito.internal.configuration.DefaultAnnotationEngine#47,0.0018248175182481751,0.40319258496395466,783,1942
org.mockito.internal.stubbing.defaultanswers.ReturnsEmptyValues#64,0.0018181818181818182,0.10674408217954444,239,2239
org.mockito.internal.creation.MockSettingsImpl#71,0.0018148820326678765,0.43434343434343436,86,198
org.mockito.internal.creation.MockSettingsImpl#72,0.0018148820326678765,0.16960651289009498,125,737
org.mockito.internal.util.MockNameImpl#23,0.0018115942028985507,0.506224593495935,3985,7872
org.mockito.internal.util.reflection.AccessibilityChanger#17,0.0017064846416382253,1.0,3,3
org.mockito.internal.util.reflection.AccessibilityChanger#19,0.0017064846416382253,0.5260479213129754,9199,17487
org.mockito.internal.util.reflection.AccessibilityChanger#22,0.0017064846416382253,0.0,0,0
org.mockito.internal.util.reflection.AccessibilityChanger#23,0.0017064846416382253,0.0,0,0
org.mockito.Answers#90,0.0017035775127768314,0.5411590992986341,7330,13545
org.mockito.internal.util.ObjectMethodsGuru#18,0.0017035775127768314,0.5411590992986341,7330,13545
org.mockito.internal.util.ObjectMethodsGuru#22,0.0017035775127768314,0.5411590992986341,7330,13545
org.mockito.internal.stubbing.InvocationContainerImpl#45,0.001692047377326565,0.506224593495935,3985,7872
org.mockito.internal.handler.MockHandlerImpl#105,0.001692047377326565,0.19951338199513383,410,2055
org.mockito.internal.handler.MockHandlerImpl#97,0.001692047377326565,0.1579941610853512,920,5823
org.mockito.internal.handler.MockHandlerImpl#106,0.001692047377326565,0.13612358067071562,1031,7574
org.mockito.internal.handler.MockHandlerImpl#98,0.001692047377326565,0.12710388856645385,219,1723
org.mockito.internal.stubbing.InvocationContainerImpl#46,0.001692047377326565,0.0,0,0
org.mockito.internal.stubbing.InvocationContainerImpl#87,0.0016806722689075631,0.13095238095238096,11,84
org.mockito.internal.stubbing.InvocationContainerImpl#85,0.0016806722689075631,0.0,0,0
org.mockito.internal.configuration.injection.scanner.MockScanner#63,0.0016778523489932886,0.5260479213129754,9199,17487
org.mockito.internal.creation.settings.CreationSettings#81,0.0016722408026755853,0.5411590992986341,7330,13545
org.mockito.internal.util.collections.HashCodeAndEqualsSafeSet#67,0.0016722408026755853,0.5411590992986341,7330,13545
org.mockito.internal.util.collections.HashCodeAndEqualsMockWrapper#36,0.001669449081803005,0.5411590992986341,7330,13545
org.mockito.internal.util.collections.HashCodeAndEqualsSafeSet#45,0.001669449081803005,0.5411590992986341,7330,13545
org.mockito.internal.util.collections.HashCodeAndEqualsSafeSet#136,0.0016666666666666668,0.6666666666666666,2,3
org.mockito.internal.util.collections.HashCodeAndEqualsMockWrapper#51,0.0016666666666666668,0.5411590992986341,7330,13545
org.mockito.internal.util.collections.HashCodeAndEqualsMockWrapper#55,0.0016666666666666668,0.5411590992986341,7330,13545
org.mockito.internal.util.collections.HashCodeAndEqualsMockWrapper#32,0.0016666666666666668,0.506224593495935,3985,7872
org.mockito.internal.util.collections.HashCodeAndEqualsSafeSet#135,0.0016666666666666668,0.2,1,5
org.mockito.internal.util.collections.HashCodeAndEqualsMockWrapper#31,0.0016666666666666668,0.0,0,0
org.mockito.internal.util.collections.HashCodeAndEqualsMockWrapper#33,0.0016666666666666668,0.0,0,0
org.mockito.internal.util.collections.HashCodeAndEqualsSafeSet#137,0.0016666666666666668,0.0,0,0
org.mockito.internal.handler.MockHandlerImpl#93,0.0016025641025641025,0.11214108071444721,496,4423
org.mockito.internal.handler.MockHandlerImpl#91,0.0016025641025641025,0.07616707616707617,62,814
org.mockito.internal.progress.ThreadSafeMockingProgress#28,0.0015923566878980893,0.5260479213129754,9199,17487
org.mockito.internal.progress.MockingProgressImpl#30,0.0015923566878980893,0.506224593495935,3985,7872
org.mockito.internal.handler.MockHandlerImpl#86,0.0015923566878980893,0.09872611464968153,31,314
org.mockito.internal.handler.MockHandlerImpl#88,0.0015923566878980893,0.07532751091703056,69,916
org.mockito.internal.handler.MockHandlerImpl#87,0.0015923566878980893,0.06865671641791045,46,670
org.mockito.internal.progress.MockingProgressImpl#31,0.0015923566878980893,0.0,0,0
org.mockito.internal.progress.ThreadSafeMockingProgress#29,0.0015923566878980893,0.0,0,0
org.mockito.internal.handler.InvocationNotifierHandler#48,0.001584786053882726,0.5463483146067416,389,712
org.mockito.internal.stubbing.InvocationContainerImpl#78,0.001584786053882726,0.5463483146067416,389,712
org.mockito.internal.stubbing.InvocationContainerImpl#77,0.001584786053882726,0.2619047619047619,11,42
org.mockito.internal.handler.InvocationNotifierHandler#38,0.001584786053882726,0.21782178217821782,308,1414
org.mockito.internal.handler.NullResultGuardian#30,0.001584786053882726,0.17615701478071238,727,4127
org.mockito.internal.handler.NullResultGuardian#31,0.001584786053882726,0.17526289434151227,1050,5991
org.mockito.internal.handler.InvocationNotifierHandler#39,0.001584786053882726,0.13705583756345177,918,6698
org.mockito.internal.handler.NullResultGuardian#29,0.001584786053882726,0.12577241899020347,1669,13270
org.mockito.internal.handler.InvocationNotifierHandler#37,0.001584786053882726,0.11821252273317745,455,3849
org.mockito.internal.handler.InvocationNotifierHandler#55,0.001584786053882726,0.0,0,0
org.mockito.internal.progress.MockingProgressImpl#54,0.0015772870662460567,0.5411590992986341,7330,13545
org.mockito.internal.verification.DefaultRegisteredInvocations#24,0.0015748031496062992,0.7188405797101449,248,345
org.mockito.internal.verification.DefaultRegisteredInvocations#25,0.0015748031496062992,0.5260479213129754,9199,17487
org.mockito.internal.stubbing.InvocationContainerImpl#40,0.0015748031496062992,0.2633204633204633,341,1295
org.mockito.internal.stubbing.InvocationContainerImpl#41,0.0015748031496062992,0.17493297587131368,261,1492
org.mockito.internal.stubbing.InvocationContainerImpl#42,0.0015748031496062992,0.0,0,0
org.mockito.internal.verification.DefaultRegisteredInvocations#26,0.0015748031496062992,0.0,0,0
org.mockito.internal.verification.DefaultRegisteredInvocations#27,0.0015748031496062992,0.0,0,0
org.mockito.internal.progress.ArgumentMatcherStorageImpl#41,0.0015503875968992248,0.5411590992986341,7330,13545
org.mockito.internal.handler.MockHandlerImpl#71,0.0015503875968992248,0.14335664335664336,41,286
org.mockito.internal.handler.MockHandlerImpl#68,0.0015503875968992248,0.11352253756260434,68,599
org.mockito.internal.handler.MockHandlerImpl#63,0.0015455950540958269,0.07682119205298013,58,755
org.mockito.internal.handler.MockHandlerImpl#61,0.0015384615384615385,0.12013256006628004,145,1207
org.mockito.internal.progress.ThreadSafeMockingProgress#40,0.0015337423312883436,0.5411590992986341,7330,13545
org.mockito.internal.progress.MockingProgressImpl#53,0.0015313935681470138,0.06602475928473177,144,2181
org.mockito.internal.invocation.MatchersBinder#26,0.001524390243902439,0.25984251968503935,33,127
org.mockito.internal.invocation.MatchersBinder#24,0.001524390243902439,0.137221269296741,80,583
org.mockito.internal.invocation.MatchersBinder#27,0.001524390243902439,0.13309859154929576,189,1420
org.mockito.internal.invocation.MatchersBinder#38,0.001524390243902439,0.0,0,0
org.mockito.internal.invocation.MatchersBinder#31,0.001519756838905775,0.5956638902498775,4863,8164
org.mockito.internal.invocation.MatchersBinder#23,0.001519756838905775,0.116289592760181,514,4420
org.mockito.internal.progress.ArgumentMatcherStorageImpl#40,0.001519756838905775,0.1001150747986191,261,2607
org.mockito.internal.handler.MockHandlerImpl#52,0.0015174506828528073,0.11630526612221909,413,3551
org.mockito.internal.stubbing.InvocationContainerImpl#99,0.0015128593040847202,0.5411590992986341,7330,13545
org.mockito.internal.configuration.injection.scanner.MockScanner#76,0.0015037593984962407,0.13870205417196874,763,5501
org.mockito.internal.progress.ThreadSafeMockingProgress#68,0.0014992503748125937,0.5411590992986341,7330,13545
org.mockito.internal.util.MockUtil#70,0.0014970059880239522,0.5411590992986341,7330,13545
org.mockito.internal.configuration.injection.scanner.MockScanner#86,0.001430615164520744,0.5411590992986341,7330,13545
org.mockito.internal.configuration.injection.scanner.MockScanner#72,0.001430615164520744,0.3333333333333333,1,3
org.mockito.internal.util.MockUtil#66,0.001142857142857143,0.5411590992986341,7330,13545
org.mockito.internal.exceptions.stacktrace.StackTraceFilter#17,0.0011049723756906078,0.0,0,0
org.mockito.internal.configuration.plugins.PluginRegistry#23,0.0011037527593818985,0.5411590992986341,7330,13545
org.mockito.internal.configuration.plugins.Plugins#17,0.0011037527593818985,0.5411590992986341,7330,13545
org.mockito.internal.exceptions.stacktrace.DefaultStackTraceCleanerProvider#12,0.0011037527593818985,0.5411590992986341,7330,13545
org.mockito.internal.exceptions.stacktrace.DefaultStackTraceCleaner#8,0.0011037527593818985,0.0,0,0
org.mockito.internal.exceptions.stacktrace.StackTraceFilter#21,0.0011037527593818985,0.0,0,0
org.mockito.internal.util.MockUtil#74,0.0010893246187363835,0.5411590992986341,7330,13545
org.mockito.Mockito#1284,0.0010718113612004287,0.5411590992986341,7330,13545
org.mockito.internal.util.MockCreationValidator#39,0.0010695187165775401,0.5411590992986341,7330,13545
org.mockito.internal.configuration.injection.scanner.MockScanner#80,0.001053740779768177,0.5411590992986341,7330,13545
org.mockito.internal.configuration.injection.scanner.MockScanner#70,0.001053740779768177,0.40319258496395466,783,1942
org.mockito.internal.configuration.injection.scanner.MockScanner#61,0.001053740779768177,0.17615701478071238,727,4127
org.mockito.internal.configuration.injection.scanner.MockScanner#62,0.001053740779768177,0.17526289434151227,1050,5991
org.mockito.internal.configuration.injection.scanner.MockScanner#59,0.001053740779768177,0.12577241899020347,1669,13270
org.mockito.internal.configuration.injection.scanner.InjectMocksScanner#52,0.0010515247108307045,0.5956638902498775,4863,8164
org.mockito.internal.configuration.SpyAnnotationEngine#50,0.001049317943336831,0.5956638902498775,4863,8164
org.mockito.internal.creation.instance.InstantiatorProvider#13,0.001049317943336831,0.5411590992986341,7330,13545
org.mockito.internal.creation.instance.ObjenesisInstantiator#14,0.001049317943336831,0.5411590992986341,7330,13545
org.mockito.MockitoAnnotations#115,0.001049317943336831,0.5260479213129754,9199,17487
org.mockito.MockitoAnnotations#135,0.001049317943336831,0.0,0,0
org.mockito.MockitoAnnotations#122,0.0010482180293501049,0.35502958579881655,180,507
org.mockito.internal.configuration.DefaultAnnotationEngine#65,0.0010482180293501049,0.35502958579881655,180,507
org.mockito.MockitoAnnotations#121,0.0010482180293501049,0.33083832335329344,221,668
org.mockito.internal.configuration.DefaultAnnotationEngine#64,0.0010482180293501049,0.33083832335329344,221,668
org.mockito.internal.util.reflection.FieldReader#29,0.0010471204188481676,0.5411590992986341,7330,13545
org.mockito.internal.util.reflection.FieldReader#19,0.0010471204188481676,0.20823244552058112,86,413
org.mockito.internal.util.reflection.FieldReader#20,0.0010471204188481676,0.1451990632318501,248,1708
org.mockito.internal.util.reflection.FieldReader#18,0.0010471204188481676,0.08088978766430738,160,1978
org.mockito.internal.util.reflection.FieldReader#15,0.0010471204188481676,0.0,0,0
org.mockito.internal.util.reflection.FieldReader#17,0.0010471204188481676,0.0,0,0
org.mockito.internal.util.reflection.FieldReader#21,0.0010471204188481676,0.0,0,0
org.mockito.internal.creation.settings.CreationSettings#77,0.0010416666666666667,0.5411590992986341,7330,13545
org.mockito.internal.progress.ThreadSafeMockingProgress#72,0.0010416666666666667,0.5260479213129754,9199,17487
org.mockito.internal.util.MockUtil#36,0.0010416666666666667,0.2261985145172181,670,2962
org.mockito.internal.MockitoCore#60,0.0010416666666666667,0.18892988929889298,256,1355
org.mockito.internal.MockitoCore#59,0.0010416666666666667,0.13807315816589386,268,1941
org.mockito.internal.MockitoCore#61,0.0010416666666666667,0.13705583756345177,918,6698
org.mockito.internal.util.MockUtil#40,0.0010416666666666667,0.12754835337166753,976,7652
org.mockito.internal.util.MockUtil#33,0.0010416666666666667,0.10316446714914147,727,7047
org.mockito.internal.util.MockUtil#35,0.0010416666666666667,0.09671897289586305,339,3505
org.mockito.internal.progress.ThreadSafeMockingProgress#73,0.0010416666666666667,0.0,0,0
org.mockito.internal.progress.MockingProgressImpl#113,0.001040582726326743,0.19778481012658228,375,1896
org.mockito.internal.progress.MockingProgressImpl#116,0.001040582726326743,0.18957011980267793,538,2838
org.mockito.internal.progress.MockingProgressImpl#117,0.001040582726326743,0.0,0,0
org.mockito.internal.creation.instance.InstantiatorProvider#10,0.0010395010395010396,0.5956638902498775,4863,8164
org.mockito.internal.creation.util.SearchingClassLoader#63,0.0010395010395010396,0.5956638902498775,4863,8164
org.mockito.internal.creation.MockSettingsImpl#112,0.0010395010395010396,0.5411590992986341,7330,13545
org.mockito.internal.creation.MockSettingsImpl#161,0.0010395010395010396,0.5411590992986341,7330,13545
org.mockito.internal.creation.settings.CreationSettings#55,0.0010395010395010396,0.5411590992986341,7330,13545
org.mockito.internal.creation.settings.CreationSettings#64,0.0010395010395010396,0.5411590992986341,7330,13545
org.mockito.internal.creation.settings.CreationSettings#73,0.0010395010395010396,0.5411590992986341,7330,13545
org.mockito.internal.creation.settings.CreationSettings#102,0.0010395010395010396,0.5411590992986341,7330,13545
org.mockito.internal.creation.settings.CreationSettings#106,0.0010395010395010396,0.5411590992986341,7330,13545
org.mockito.internal.creation.settings.CreationSettings#114,0.0010395010395010396,0.5411590992986341,7330,13545
org.mockito.internal.creation.util.SearchingClassLoader#24,0.0010395010395010396,0.5411590992986341,7330,13545
org.mockito.internal.stubbing.InvocationContainerImpl#137,0.0010395010395010396,0.5411590992986341,7330,13545
org.mockito.internal.creation.util.SearchingClassLoader#32,0.0010395010395010396,0.5260479213129754,9199,17487
org.mockito.internal.creation.util.SearchingClassLoader#64,0.0010395010395010396,0.5260479213129754,9199,17487
org.mockito.internal.handler.NullResultGuardian#25,0.0010395010395010396,0.506224593495935,3985,7872
org.mockito.internal.creation.settings.CreationSettings#59,0.0010395010395010396,0.43434343434343436,86,198
org.mockito.internal.creation.settings.CreationSettings#68,0.0010395010395010396,0.43434343434343436,86,198
org.mockito.internal.creation.settings.CreationSettings#89,0.0010395010395010396,0.43434343434343436,86,198
org.mockito.internal.creation.util.SearchingClassLoader#55,0.0010395010395010396,0.3445692883895131,276,801
org.mockito.internal.creation.util.SearchingClassLoader#30,0.0010395010395010396,0.3274336283185841,37,113
org.mockito.internal.handler.InvocationNotifierHandler#32,0.0010395010395010396,0.3197424892703863,894,2796
org.mockito.internal.stubbing.InvocationContainerImpl#36,0.0010395010395010396,0.3197424892703863,894,2796
org.mockito.internal.handler.MockHandlerFactory#18,0.0010395010395010396,0.275320970042796,193,701
org.mockito.internal.creation.settings.CreationSettings#51,0.0010395010395010396,0.26100998238402817,889,3406
org.mockito.internal.handler.MockHandlerImpl#48,0.0010395010395010396,0.26100998238402817,889,3406
org.mockito.internal.creation.util.SearchingClassLoader#53,0.0010395010395010396,0.26045883940620784,193,741
org.mockito.internal.creation.MockSettingsImpl#187,0.0010395010395010396,0.24615921787709497,705,2864
org.mockito.internal.handler.MockHandlerFactory#20,0.0010395010395010396,0.2155511811023622,438,2032
org.mockito.internal.creation.util.SearchingClassLoader#59,0.0010395010395010396,0.20474934036939313,388,1895
org.mockito.internal.creation.util.SearchingClassLoader#31,0.0010395010395010396,0.1987179487179487,31,156
org.mockito.internal.handler.InvocationNotifierHandler#31,0.0010395010395010396,0.19449609520267758,523,2689
org.mockito.internal.stubbing.InvocationContainerImpl#35,0.0010395010395010396,0.19449609520267758,523,2689
org.mockito.internal.creation.MockSettingsImpl#181,0.0010395010395010396,0.17384173841738418,424,2439
org.mockito.internal.creation.settings.CreationSettings#60,0.0010395010395010396,0.16960651289009498,125,737
org.mockito.internal.creation.settings.CreationSettings#69,0.0010395010395010396,0.16960651289009498,125,737
org.mockito.internal.creation.settings.CreationSettings#90,0.0010395010395010396,0.16960651289009498,125,737
org.mockito.internal.creation.util.SearchingClassLoader#44,0.0010395010395010396,0.16359616801768606,222,1357
org.mockito.internal.creation.MockSettingsImpl#182,0.0010395010395010396,0.13612358067071562,1031,7574
org.mockito.internal.creation.util.SearchingClassLoader#49,0.0010395010395010396,0.13612358067071562,1031,7574
org.mockito.internal.creation.MockSettingsImpl#186,0.0010395010395010396,0.1291564039408867,839,6496
org.mockito.internal.creation.MockSettingsImpl#190,0.0010395010395010396,0.12754835337166753,976,7652
org.mockito.internal.creation.settings.CreationSettings#41,0.0010395010395010396,0.12627781118460613,420,3326
org.mockito.internal.handler.MockHandlerImpl#45,0.0010395010395010396,0.12627781118460613,420,3326
org.mockito.internal.handler.MockHandlerFactory#17,0.0010395010395010396,0.11168760240305844,409,3662
org.mockito.internal.handler.MockHandlerFactory#16,0.0010395010395010396,0.09847847199741017,1521,15445
org.mockito.internal.util.MockUtil#31,0.0010395010395010396,0.09847847199741017,1521,15445
org.mockito.internal.creation.settings.CreationSettings#42,0.0010395010395010396,0.08915971776779986,417,4677
org.mockito.internal.handler.MockHandlerImpl#46,0.0010395010395010396,0.08915971776779986,417,4677
org.mockito.internal.creation.settings.CreationSettings#43,0.0010395010395010396,0.0875395181510956,803,9173
org.mockito.internal.creation.settings.CreationSettings#44,0.0010395010395010396,0.0875395181510956,803,9173
org.mockito.internal.creation.settings.CreationSettings#45,0.0010395010395010396,0.0875395181510956,803,9173
org.mockito.internal.creation.settings.CreationSettings#46,0.0010395010395010396,0.0875395181510956,803,9173
org.mockito.internal.creation.settings.CreationSettings#47,0.0010395010395010396,0.0875395181510956,803,9173
org.mockito.internal.creation.settings.CreationSettings#48,0.0010395010395010396,0.0875395181510956,803,9173
org.mockito.internal.creation.settings.CreationSettings#49,0.0010395010395010396,0.0875395181510956,803,9173
org.mockito.internal.creation.settings.CreationSettings#50,0.0010395010395010396,0.07990420204659264,367,4593
org.mockito.internal.handler.MockHandlerImpl#47,0.0010395010395010396,0.07990420204659264,367,4593
org.mockito.internal.creation.util.SearchingClassLoader#40,0.0010395010395010396,0.07608695652173914,7,92
org.mockito.internal.MockitoCore#58,0.0010395010395010396,0.07271686229602062,254,3493
org.mockito.internal.creation.MockSettingsImpl#180,0.0010395010395010396,0.07169682485489928,210,2929
org.mockito.internal.creation.MockSettingsImpl#178,0.0010395010395010396,0.07121535181236674,167,2345
org.mockito.internal.creation.util.SearchingClassLoader#28,0.0010395010395010396,0.07022222222222223,237,3375
org.mockito.internal.creation.MockSettingsImpl#175,0.0010395010395010396,0.06616003576218149,148,2237
org.mockito.internal.creation.MockSettingsImpl#179,0.0010395010395010396,0.060494476591267755,230,3802
org.mockito.internal.creation.instance.InstantiatorProvider#5,0.0010395010395010396,0.0,0,0
org.mockito.internal.creation.settings.CreationSettings#40,0.0010395010395010396,0.0,0,0
org.mockito.internal.creation.settings.CreationSettings#52,0.0010395010395010396,0.0,0,0
org.mockito.internal.creation.util.SearchingClassLoader#66,0.0010395010395010396,0.0,0,0
org.mockito.internal.handler.InvocationNotifierHandler#30,0.0010395010395010396,0.0,0,0
org.mockito.internal.handler.InvocationNotifierHandler#33,0.0010395010395010396,0.0,0,0
org.mockito.internal.handler.MockHandlerFactory#13,0.0010395010395010396,0.0,0,0
org.mockito.internal.handler.MockHandlerImpl#39,0.0010395010395010396,0.0,0,0
org.mockito.internal.handler.MockHandlerImpl#40,0.0010395010395010396,0.0,0,0
org.mockito.internal.handler.MockHandlerImpl#44,0.0010395010395010396,0.0,0,0
org.mockito.internal.handler.MockHandlerImpl#49,0.0010395010395010396,0.0,0,0
org.mockito.internal.handler.NullResultGuardian#24,0.0010395010395010396,0.0,0,0
org.mockito.internal.handler.NullResultGuardian#26,0.0010395010395010396,0.0,0,0
org.mockito.internal.invocation.MatchersBinder#18,0.0010395010395010396,0.0,0,0
org.mockito.internal.stubbing.InvocationContainerImpl#27,0.0010395010395010396,0.0,0,0
org.mockito.internal.stubbing.InvocationContainerImpl#29,0.0010395010395010396,0.0,0,0
org.mockito.internal.stubbing.InvocationContainerImpl#34,0.0010395010395010396,0.0,0,0
org.mockito.internal.stubbing.InvocationContainerImpl#37,0.0010395010395010396,0.0,0,0
org.mockito.internal.util.MockCreationValidator#72,0.0010395010395010396,0.0,0,0
org.mockito.internal.verification.DefaultRegisteredInvocations#18,0.0010395010395010396,0.0,0,0
org.mockito.internal.verification.DefaultRegisteredInvocations#21,0.0010395010395010396,0.0,0,0
org.mockito.internal.verification.DefaultRegisteredInvocations#53,0.0010395010395010396,0.0,0,0
org.mockito.internal.util.MockCreationValidator#69,0.0010384215991692627,0.5956638902498775,4863,8164
org.mockito.internal.configuration.GlobalConfiguration#63,0.0010384215991692627,0.5411590992986341,7330,13545
org.mockito.internal.creation.MockSettingsImpl#108,0.0010384215991692627,0.5411590992986341,7330,13545
org.mockito.internal.creation.settings.CreationSettings#98,0.0010384215991692627,0.5411590992986341,7330,13545
org.mockito.internal.creation.MockSettingsImpl#174,0.0010384215991692627,0.04228940217391304,498,11776
org.mockito.internal.creation.instance.InstantiatorProvider#7,0.0010384215991692627,0.0,0,0
org.mockito.internal.creation.instance.ObjenesisInstantiator#6,0.0010384215991692627,0.0,0,0
org.mockito.internal.creation.instance.ObjenesisInstantiator#11,0.0010384215991692627,0.0,0,0
org.mockito.internal.stubbing.InvocationContainerImpl#23,0.0010384215991692627,0.0,0,0
org.mockito.internal.util.MockCreationValidator#66,0.0010384215991692627,0.0,0,0
org.mockito.internal.util.MockCreationValidator#59,0.001037344398340249,0.5956638902498775,4863,8164
org.mockito.Mockito#2286,0.001037344398340249,0.5411590992986341,7330,13545
org.mockito.internal.creation.settings.CreationSettings#94,0.001037344398340249,0.5411590992986341,7330,13545
org.mockito.internal.creation.MockSettingsImpl#169,0.001037344398340249,0.05692980569298057,1588,27894
org.mockito.internal.util.MockCreationValidator#20,0.0010362694300518134,0.5956638902498775,4863,8164
org.mockito.internal.util.MockNameImpl#19,0.0010362694300518134,0.5956638902498775,4863,8164
org.mockito.internal.creation.MockSettingsImpl#63,0.0010362694300518134,0.5411590992986341,7330,13545
org.mockito.internal.creation.MockSettingsImpl#67,0.0010362694300518134,0.5411590992986341,7330,13545
org.mockito.internal.util.MockCreationValidator#30,0.0010362694300518134,0.28,42,150
org.mockito.internal.util.MockCreationValidator#38,0.0010362694300518134,0.15961199294532627,362,2268
org.mockito.internal.creation.MockSettingsImpl#165,0.0010362694300518134,0.1579941610853512,920,5823
org.mockito.internal.creation.MockSettingsImpl#167,0.0010362694300518134,0.13250366032210834,543,4098
org.mockito.internal.util.MockCreationValidator#26,0.0010362694300518134,0.12,12,100
org.mockito.internal.MockitoCore#52,0.0010362694300518134,0.11630526612221909,413,3551
org.mockito.internal.MockitoCore#57,0.0010362694300518134,0.08806190125276345,239,2714
org.mockito.internal.creation.MockSettingsImpl#168,0.0010362694300518134,0.04922623434045689,668,13570
org.mockito.internal.util.MockCreationValidator#15,0.0010362694300518134,0.0,0,0
org.mockito.internal.util.MockCreationValidator#17,0.0010362694300518134,0.0,0,0
org.mockito.internal.util.MockCreationValidator#23,0.0010362694300518134,0.0,0,0
org.mockito.internal.util.MockCreationValidator#35,0.0010362694300518134,0.0,0,0
org.mockito.internal.util.MockNameImpl#18,0.0010362694300518134,0.0,0,0
org.mockito.internal.util.MockNameImpl#25,0.0010362694300518134,0.0,0,0
org.mockito.internal.creation.MockSettingsImpl#82,0.0010351966873706005,0.25961538461538464,27,104
org.mockito.internal.creation.MockSettingsImpl#81,0.0010351966873706005,0.0533175355450237,45,844
org.mockito.internal.creation.MockSettingsImpl#85,0.0010351966873706005,0.04990842490842491,218,4368
org.mockito.internal.creation.MockSettingsImpl#27,0.0010351966873706005,0.0,0,0
org.mockito.internal.creation.settings.CreationSettings#26,0.0010351966873706005,0.0,0,0
org.mockito.internal.creation.settings.CreationSettings#31,0.0010351966873706005,0.0,0,0
org.mockito.internal.creation.settings.CreationSettings#32,0.0010351966873706005,0.0,0,0
org.mockito.internal.creation.settings.CreationSettings#37,0.0010351966873706005,0.0,0,0
org.mockito.internal.util.MockUtil#27,0.001034126163391934,0.5411590992986341,7330,13545
org.mockito.mock.SerializableMode#8,0.001034126163391934,0.0,0,0
org.mockito.mock.SerializableMode#9,0.001034126163391934,0.0,0,0
org.mockito.mock.SerializableMode#14,0.001034126163391934,0.0,0,0
org.mockito.mock.SerializableMode#19,0.001034126163391934,0.0,0,0
org.mockito.mock.SerializableMode#24,0.001034126163391934,0.0,0,0
org.mockito.Mockito#975,0.0010298661174047373,0.0,0,0
org.mockito.Mockito#986,0.0010298661174047373,0.0,0,0
org.mockito.Mockito#1018,0.0010298661174047373,0.0,0,0
org.mockito.Mockito#1031,0.0010298661174047373,0.0,0,0
org.mockito.Mockito#1118,0.0010298661174047373,0.0,0,0
org.mockito.Mockito#1152,0.0010298661174047373,0.0,0,0
org.mockito.Answers#77,0.00102880658436214,0.506224593495935,3985,7872
org.mockito.Answers#26,0.00102880658436214,0.0,0,0
org.mockito.Answers#34,0.00102880658436214,0.0,0,0
org.mockito.Answers#43,0.00102880658436214,0.0,0,0
org.mockito.Answers#52,0.00102880658436214,0.0,0,0
org.mockito.Answers#62,0.00102880658436214,0.0,0,0
org.mockito.Answers#71,0.00102880658436214,0.0,0,0
org.mockito.Answers#76,0.00102880658436214,0.0,0,0
org.mockito.Answers#78,0.00102880658436214,0.0,0,0
org.mockito.Matchers#100,0.00102880658436214,0.0,0,0
org.mockito.internal.stubbing.answers.CallsRealMethods#33,0.00102880658436214,0.0,0,0
org.mockito.internal.stubbing.defaultanswers.GloballyConfiguredAnswer#19,0.00102880658436214,0.0,0,0
org.mockito.internal.stubbing.defaultanswers.ReturnsDeepStubs#43,0.00102880658436214,0.0,0,0
org.mockito.internal.stubbing.defaultanswers.ReturnsDeepStubs#163,0.00102880658436214,0.0,0,0
org.mockito.internal.stubbing.defaultanswers.ReturnsSmartNulls#36,0.00102880658436214,0.0,0,0
org.mockito.internal.stubbing.defaultanswers.ReturnsSmartNulls#40,0.00102880658436214,0.0,0,0
org.mockito.internal.stubbing.defaultanswers.ReturnsSmartNulls#55,0.00102880658436214,0.0,0,0
org.mockito.internal.util.reflection.AccessibilityChanger#30,0.001026694045174538,0.23411978221415608,516,2204
org.mockito.internal.util.reflection.AccessibilityChanger#29,0.001026694045174538,0.2156153050672182,417,1934
org.mockito.internal.util.reflection.AccessibilityChanger#11,0.001026694045174538,0.0,0,0
org.mockito.internal.util.reflection.AccessibilityChanger#31,0.001026694045174538,0.0,0,0
org.mockito.internal.MockitoCore#41,0.0010256410256410256,0.0,0,0
org.mockito.internal.MockitoCore#43,0.0010256410256410256,0.0,0,0
org.mockito.internal.MockitoCore#44,0.0010256410256410256,0.0,0,0
org.mockito.internal.MockitoCore#45,0.0010256410256410256,0.0,0,0
org.mockito.internal.stubbing.defaultanswers.ReturnsMocks#14,0.0010256410256410256,0.0,0,0
org.mockito.internal.stubbing.defaultanswers.ReturnsMocks#17,0.0010256410256410256,0.0,0,0
org.mockito.internal.stubbing.defaultanswers.ReturnsMocks#18,0.0010256410256410256,0.0,0,0
org.mockito.internal.util.reflection.AccessibilityChanger#9,0.0010256410256410256,0.0,0,0
org.mockito.internal.stubbing.defaultanswers.ReturnsMoreEmptyValues#48,0.0010235414534288639,0.0,0,0
org.mockito.internal.stubbing.defaultanswers.ReturnsMoreEmptyValues#51,0.0010235414534288639,0.0,0,0
org.mockito.internal.stubbing.defaultanswers.ReturnsEmptyValues#54,0.0010214504596527069,0.0,0,0
org.mockito.internal.stubbing.defaultanswers.ReturnsEmptyValues#57,0.0010214504596527069,0.0,0,0
org.mockito.internal.stubbing.defaultanswers.ReturnsEmptyValues#58,0.0010214504596527069,0.0,0,0
org.mockito.internal.util.ObjectMethodsGuru#13,0.001017293997965412,0.0,0,0
org.mockito.internal.configuration.GlobalConfiguration#26,9.090909090909091E-4,0.5411590992986341,7330,13545
org.mockito.internal.progress.ArgumentMatcherStorageImpl#123,9.090909090909091E-4,0.5260479213129754,9199,17487
org.mockito.internal.progress.ThreadSafeMockingProgress#60,9.090909090909091E-4,0.5260479213129754,9199,17487
org.mockito.internal.progress.MockingProgressImpl#104,9.090909090909091E-4,0.20823244552058112,86,413
org.mockito.internal.progress.MockingProgressImpl#105,9.090909090909091E-4,0.1451990632318501,248,1708
org.mockito.internal.progress.MockingProgressImpl#103,9.090909090909091E-4,0.08088978766430738,160,1978
org.mockito.internal.progress.ArgumentMatcherStorageImpl#124,9.090909090909091E-4,0.0,0,0
org.mockito.internal.progress.MockingProgressImpl#106,9.090909090909091E-4,0.0,0,0
org.mockito.internal.progress.ThreadSafeMockingProgress#61,9.090909090909091E-4,0.0,0,0
org.mockito.internal.progress.ThreadSafeMockingProgress#64,9.057971014492754E-4,0.5260479213129754,9199,17487
org.mockito.internal.progress.ThreadSafeMockingProgress#65,9.057971014492754E-4,0.0,0,0
org.mockito.internal.progress.MockingProgressImpl#49,9.000900090009E-4,0.506224593495935,3985,7872
org.mockito.internal.progress.MockingProgressImpl#50,9.000900090009E-4,0.0,0,0
org.mockito.internal.progress.ThreadSafeMockingProgress#48,8.598452278589854E-4,0.5260479213129754,9199,17487
org.mockito.internal.progress.MockingProgressImpl#68,8.598452278589854E-4,0.2487352445193929,295,1186
org.mockito.internal.progress.MockingProgressImpl#71,8.598452278589854E-4,0.20949367088607596,331,1580
org.mockito.internal.progress.MockingProgressImpl#76,8.598452278589854E-4,0.0,0,0
org.mockito.internal.progress.ThreadSafeMockingProgress#49,8.598452278589854E-4,0.0,0,0
org.mockito.configuration.DefaultMockitoConfiguration#39,8.547008547008547E-4,0.5411590992986341,7330,13545
org.mockito.internal.configuration.GlobalConfiguration#55,8.547008547008547E-4,0.5411590992986341,7330,13545
org.mockito.internal.configuration.injection.MockInjection#48,8.547008547008547E-4,0.5411590992986341,7330,13545
org.mockito.internal.configuration.DefaultAnnotationEngine#58,8.547008547008547E-4,0.5260479213129754,9199,17487
org.mockito.internal.configuration.DefaultInjectionEngine#20,8.547008547008547E-4,0.5260479213129754,9199,17487
org.mockito.internal.configuration.injection.MockInjectionStrategy#42,8.547008547008547E-4,0.5260479213129754,9199,17487
org.mockito.internal.configuration.injection.scanner.InjectMocksScanner#40,8.547008547008547E-4,0.5260479213129754,9199,17487
org.mockito.internal.configuration.injection.scanner.MockScanner#47,8.547008547008547E-4,0.5260479213129754,9199,17487
org.mockito.internal.configuration.injection.scanner.InjectMocksScanner#30,8.547008547008547E-4,0.506224593495935,3985,7872
org.mockito.MockitoAnnotations#101,8.547008547008547E-4,0.4811320754716981,51,106
org.mockito.internal.configuration.injection.MockInjection#86,8.547008547008547E-4,0.3826649883114548,2128,5561
org.mockito.MockitoAnnotations#114,8.547008547008547E-4,0.35502958579881655,180,507
org.mockito.internal.configuration.DefaultAnnotationEngine#63,8.547008547008547E-4,0.35502958579881655,180,507
org.mockito.internal.configuration.SpyAnnotationEngine#49,8.547008547008547E-4,0.35502958579881655,180,507
org.mockito.internal.configuration.injection.MockInjection#87,8.547008547008547E-4,0.3487807696752571,3018,8653
org.mockito.MockitoAnnotations#112,8.547008547008547E-4,0.33083832335329344,221,668
org.mockito.internal.configuration.DefaultAnnotationEngine#62,8.547008547008547E-4,0.33083832335329344,221,668
org.mockito.internal.configuration.SpyAnnotationEngine#48,8.547008547008547E-4,0.33083832335329344,221,668
org.mockito.internal.configuration.injection.scanner.MockScanner#34,8.547008547008547E-4,0.3197424892703863,894,2796
org.mockito.internal.configuration.InjectingAnnotationEngine#60,8.547008547008547E-4,0.3178082191780822,116,365
org.mockito.internal.configuration.InjectingAnnotationEngine#68,8.547008547008547E-4,0.3178082191780822,116,365
org.mockito.internal.configuration.injection.scanner.MockScanner#57,8.547008547008547E-4,0.2719869706840391,167,614
org.mockito.MockitoAnnotations#102,8.547008547008547E-4,0.2633204633204633,341,1295
org.mockito.internal.configuration.InjectingAnnotationEngine#62,8.547008547008547E-4,0.2633204633204633,341,1295
org.mockito.internal.configuration.InjectingAnnotationEngine#100,8.547008547008547E-4,0.24806201550387597,32,129
org.mockito.internal.configuration.InjectingAnnotationEngine#55,8.547008547008547E-4,0.23844580777096114,1166,4890
org.mockito.internal.configuration.injection.scanner.MockScanner#56,8.547008547008547E-4,0.23546511627906977,162,688
org.mockito.internal.configuration.injection.scanner.InjectMocksScanner#51,8.547008547008547E-4,0.23283582089552238,156,670
org.mockito.internal.configuration.InjectingAnnotationEngine#61,8.547008547008547E-4,0.2058165548098434,92,447
org.mockito.internal.configuration.InjectingAnnotationEngine#69,8.547008547008547E-4,0.2058165548098434,92,447
org.mockito.internal.configuration.InjectingAnnotationEngine#73,8.547008547008547E-4,0.2033898305084746,84,413
org.mockito.internal.configuration.InjectingAnnotationEngine#96,8.547008547008547E-4,0.2033898305084746,84,413
org.mockito.internal.configuration.InjectingAnnotationEngine#56,8.547008547008547E-4,0.1945080091533181,1275,6555
org.mockito.internal.configuration.injection.scanner.MockScanner#33,8.547008547008547E-4,0.19449609520267758,523,2689
org.mockito.MockitoAnnotations#108,8.547008547008547E-4,0.18722587719298245,683,3648
org.mockito.internal.configuration.InjectingAnnotationEngine#94,8.547008547008547E-4,0.18666666666666668,28,150
org.mockito.internal.configuration.DefaultAnnotationEngine#33,8.547008547008547E-4,0.17868273426137543,860,4813
org.mockito.MockitoAnnotations#103,8.547008547008547E-4,0.17493297587131368,261,1492
org.mockito.internal.configuration.InjectingAnnotationEngine#63,8.547008547008547E-4,0.17493297587131368,261,1492
org.mockito.internal.configuration.InjectingAnnotationEngine#75,8.547008547008547E-4,0.16810007818608289,215,1279
org.mockito.internal.configuration.InjectingAnnotationEngine#97,8.547008547008547E-4,0.16810007818608289,215,1279
org.mockito.internal.configuration.DefaultAnnotationEngine#35,8.547008547008547E-4,0.1582293959403277,1294,8178
org.mockito.internal.configuration.injection.scanner.InjectMocksScanner#58,8.547008547008547E-4,0.1440501043841336,207,1437
org.mockito.internal.configuration.injection.scanner.MockScanner#66,8.547008547008547E-4,0.1440501043841336,207,1437
org.mockito.MockitoAnnotations#98,8.547008547008547E-4,0.142433234421365,288,2022
org.mockito.internal.configuration.InjectingAnnotationEngine#71,8.547008547008547E-4,0.13183686373695858,417,3163
org.mockito.internal.configuration.InjectingAnnotationEngine#95,8.547008547008547E-4,0.13183686373695858,417,3163
org.mockito.internal.configuration.injection.scanner.InjectMocksScanner#50,8.547008547008547E-4,0.12554112554112554,58,462
org.mockito.internal.configuration.DefaultAnnotationEngine#34,8.547008547008547E-4,0.12541363335539377,379,3022
org.mockito.MockitoAnnotations#90,8.547008547008547E-4,0.11630526612221909,413,3551
org.mockito.internal.configuration.InjectingAnnotationEngine#91,8.547008547008547E-4,0.10420475319926874,399,3829
org.mockito.internal.configuration.InjectingAnnotationEngine#90,8.547008547008547E-4,0.09847847199741017,1521,15445
org.mockito.internal.configuration.InjectingAnnotationEngine#92,8.547008547008547E-4,0.085995085995086,35,407
org.mockito.MockitoAnnotations#94,8.547008547008547E-4,0.0781483325037332,157,2009
org.mockito.internal.configuration.injection.scanner.InjectMocksScanner#49,8.547008547008547E-4,0.06799867535048018,616,9059
org.mockito.MockitoAnnotations#95,8.547008547008547E-4,0.06203007518796992,132,2128
org.mockito.MockitoAnnotations#109,8.547008547008547E-4,0.0,0,0
org.mockito.MockitoAnnotations#117,8.547008547008547E-4,0.0,0,0
org.mockito.internal.configuration.CaptorAnnotationProcessor#17,8.547008547008547E-4,0.0,0,0
org.mockito.internal.configuration.DefaultAnnotationEngine#30,8.547008547008547E-4,0.0,0,0
org.mockito.internal.configuration.DefaultAnnotationEngine#32,8.547008547008547E-4,0.0,0,0
org.mockito.internal.configuration.DefaultAnnotationEngine#36,8.547008547008547E-4,0.0,0,0
org.mockito.internal.configuration.DefaultAnnotationEngine#59,8.547008547008547E-4,0.0,0,0
org.mockito.internal.configuration.DefaultAnnotationEngine#79,8.547008547008547E-4,0.0,0,0
org.mockito.internal.configuration.DefaultInjectionEngine#17,8.547008547008547E-4,0.0,0,0
org.mockito.internal.configuration.DefaultInjectionEngine#26,8.547008547008547E-4,0.0,0,0
org.mockito.internal.configuration.InjectingAnnotationEngine#23,8.547008547008547E-4,0.0,0,0
org.mockito.internal.configuration.InjectingAnnotationEngine#24,8.547008547008547E-4,0.0,0,0
org.mockito.internal.configuration.InjectingAnnotationEngine#25,8.547008547008547E-4,0.0,0,0
org.mockito.internal.configuration.InjectingAnnotationEngine#57,8.547008547008547E-4,0.0,0,0
org.mockito.internal.configuration.InjectingAnnotationEngine#65,8.547008547008547E-4,0.0,0,0
org.mockito.internal.configuration.InjectingAnnotationEngine#77,8.547008547008547E-4,0.0,0,0
org.mockito.internal.configuration.InjectingAnnotationEngine#101,8.547008547008547E-4,0.0,0,0
org.mockito.internal.configuration.MockAnnotationProcessor#16,8.547008547008547E-4,0.0,0,0
org.mockito.internal.configuration.MockitoAnnotationsMockAnnotationProcessor#16,8.547008547008547E-4,0.0,0,0
org.mockito.internal.configuration.SpyAnnotationEngine#40,8.547008547008547E-4,0.0,0,0
org.mockito.internal.configuration.SpyAnnotationEngine#74,8.547008547008547E-4,0.0,0,0
org.mockito.internal.configuration.injection.SpyOnInjectedFieldsHandler#28,8.547008547008547E-4,0.0,0,0
org.mockito.internal.configuration.injection.scanner.InjectMocksScanner#29,8.547008547008547E-4,0.0,0,0
org.mockito.internal.configuration.injection.scanner.InjectMocksScanner#31,8.547008547008547E-4,0.0,0,0
org.mockito.internal.configuration.injection.scanner.InjectMocksScanner#41,8.547008547008547E-4,0.0,0,0
org.mockito.internal.configuration.injection.scanner.MockScanner#22,8.547008547008547E-4,0.0,0,0
org.mockito.internal.configuration.injection.scanner.MockScanner#32,8.547008547008547E-4,0.0,0,0
org.mockito.internal.configuration.injection.scanner.MockScanner#35,8.547008547008547E-4,0.0,0,0
org.mockito.internal.configuration.injection.scanner.MockScanner#48,8.547008547008547E-4,0.0,0,0
org.mockito.internal.configuration.injection.filter.NameBasedCandidateFilter#19,8.532423208191126E-4,0.506224593495935,3985,7872
org.mockito.internal.configuration.injection.filter.TypeBasedCandidateFilter#17,8.532423208191126E-4,0.506224593495935,3985,7872
org.mockito.internal.configuration.injection.MockInjection#76,8.532423208191126E-4,0.3826649883114548,2128,5561
org.mockito.internal.configuration.injection.MockInjection#81,8.532423208191126E-4,0.3826649883114548,2128,5561
org.mockito.internal.configuration.injection.MockInjection#77,8.532423208191126E-4,0.3487807696752571,3018,8653
org.mockito.internal.configuration.injection.MockInjection#82,8.532423208191126E-4,0.3487807696752571,3018,8653
org.mockito.internal.configuration.injection.ConstructorInjection#42,8.532423208191126E-4,0.0,0,0
org.mockito.internal.configuration.injection.PropertyAndSetterInjection#60,8.532423208191126E-4,0.0,0,0
org.mockito.internal.configuration.injection.PropertyAndSetterInjection#62,8.532423208191126E-4,0.0,0,0
org.mockito.internal.configuration.injection.PropertyAndSetterInjection#64,8.532423208191126E-4,0.0,0,0
org.mockito.internal.configuration.injection.filter.FinalMockCandidateFilter#22,8.532423208191126E-4,0.0,0,0
org.mockito.internal.configuration.injection.filter.NameBasedCandidateFilter#16,8.532423208191126E-4,0.0,0,0
org.mockito.internal.configuration.injection.filter.NameBasedCandidateFilter#18,8.532423208191126E-4,0.0,0,0
org.mockito.internal.configuration.injection.filter.NameBasedCandidateFilter#20,8.532423208191126E-4,0.0,0,0
org.mockito.internal.configuration.injection.filter.TypeBasedCandidateFilter#16,8.532423208191126E-4,0.0,0,0
org.mockito.internal.configuration.injection.filter.TypeBasedCandidateFilter#18,8.532423208191126E-4,0.0,0,0
org.mockito.internal.util.collections.HashCodeAndEqualsSafeSet#37,8.525149190110827E-4,0.5411590992986341,7330,13545
org.mockito.internal.util.collections.HashCodeAndEqualsSafeSet#41,8.525149190110827E-4,0.5411590992986341,7330,13545
org.mockito.internal.util.collections.HashCodeAndEqualsSafeSet#38,8.525149190110827E-4,0.0,0,0
org.mockito.internal.progress.ArgumentMatcherStorageImpl#112,8.517887563884157E-4,0.5956638902498775,4863,8164
org.mockito.internal.configuration.injection.MockInjection#91,8.517887563884157E-4,0.5463483146067416,389,712
org.mockito.internal.configuration.ClassPathLoader#75,8.517887563884157E-4,0.5411590992986341,7330,13545
org.mockito.internal.configuration.GlobalConfiguration#40,8.517887563884157E-4,0.5411590992986341,7330,13545
org.mockito.internal.progress.MockingProgressImpl#109,8.517887563884157E-4,0.5411590992986341,7330,13545
org.mockito.internal.util.collections.HashCodeAndEqualsSafeSet#124,8.517887563884157E-4,0.5411590992986341,7330,13545
org.mockito.internal.progress.ThreadSafeMockingProgress#22,8.517887563884157E-4,0.5260479213129754,9199,17487
org.mockito.internal.configuration.ClassPathLoader#68,8.517887563884157E-4,0.506224593495935,3985,7872
org.mockito.internal.configuration.injection.MockInjectionStrategy#44,8.517887563884157E-4,0.506224593495935,3985,7872
org.mockito.internal.configuration.GlobalConfiguration#47,8.517887563884157E-4,0.4444444444444444,4,9
org.mockito.internal.configuration.injection.MockInjectionStrategy#41,8.517887563884157E-4,0.40319258496395466,783,1942
org.mockito.internal.progress.ThreadSafeMockingProgress#21,8.517887563884157E-4,0.40319258496395466,783,1942
org.mockito.internal.configuration.injection.MockInjection#71,8.517887563884157E-4,0.3826649883114548,2128,5561
org.mockito.internal.configuration.injection.MockInjection#72,8.517887563884157E-4,0.3487807696752571,3018,8653
org.mockito.internal.util.collections.HashCodeAndEqualsSafeSet#133,8.517887563884157E-4,0.16666666666666666,10,60
org.mockito.internal.util.collections.HashCodeAndEqualsSafeSet#134,8.517887563884157E-4,0.15311004784688995,64,418
org.mockito.internal.progress.MockingProgressImpl#83,8.517887563884157E-4,0.15288220551378445,61,399
org.mockito.internal.util.collections.HashCodeAndEqualsSafeSet#138,8.517887563884157E-4,0.1440501043841336,207,1437
org.mockito.internal.configuration.injection.MockInjectionStrategy#46,8.517887563884157E-4,0.13870205417196874,763,5501
org.mockito.internal.progress.ThreadSafeMockingProgress#24,8.517887563884157E-4,0.13870205417196874,763,5501
org.mockito.internal.progress.MockingProgressImpl#81,8.517887563884157E-4,0.13600891861761427,122,897
org.mockito.internal.progress.MockingProgressImpl#89,8.517887563884157E-4,0.1214915797914996,303,2494
org.mockito.internal.util.collections.HashCodeAndEqualsSafeSet#132,8.517887563884157E-4,0.06386554621848739,76,1190
org.mockito.internal.configuration.ClassPathLoader#72,8.517887563884157E-4,0.0,0,0
org.mockito.internal.configuration.GlobalConfiguration#48,8.517887563884157E-4,0.0,0,0
org.mockito.internal.configuration.injection.MockInjection#95,8.517887563884157E-4,0.0,0,0
org.mockito.internal.progress.ArgumentMatcherStorageImpl#22,8.517887563884157E-4,0.0,0,0
org.mockito.internal.progress.ArgumentMatcherStorageImpl#26,8.517887563884157E-4,0.0,0,0
org.mockito.internal.progress.ArgumentMatcherStorageImpl#117,8.517887563884157E-4,0.0,0,0
org.mockito.internal.progress.MockingProgressImpl#19,8.517887563884157E-4,0.0,0,0
org.mockito.internal.progress.MockingProgressImpl#21,8.517887563884157E-4,0.0,0,0
org.mockito.internal.progress.MockingProgressImpl#22,8.517887563884157E-4,0.0,0,0
org.mockito.internal.progress.MockingProgressImpl#26,8.517887563884157E-4,0.0,0,0
org.mockito.internal.progress.MockingProgressImpl#90,8.517887563884157E-4,0.0,0,0
org.mockito.internal.configuration.GlobalConfiguration#31,8.51063829787234E-4,0.5956638902498775,4863,8164
org.mockito.internal.configuration.GlobalConfiguration#32,8.51063829787234E-4,0.5260479213129754,9199,17487
org.mockito.internal.configuration.injection.MockInjection#67,8.51063829787234E-4,0.23411978221415608,516,2204
org.mockito.internal.configuration.GlobalConfiguration#38,8.51063829787234E-4,0.17615701478071238,727,4127
org.mockito.internal.configuration.GlobalConfiguration#39,8.51063829787234E-4,0.17526289434151227,1050,5991
org.mockito.internal.configuration.GlobalConfiguration#37,8.51063829787234E-4,0.12577241899020347,1669,13270
org.mockito.internal.util.Checks#25,8.51063829787234E-4,0.059186189889025895,48,811
org.mockito.configuration.DefaultMockitoConfiguration#20,8.51063829787234E-4,0.0,0,0
org.mockito.internal.configuration.ClassPathLoader#56,8.51063829787234E-4,0.0,0,0
org.mockito.internal.configuration.GlobalConfiguration#22,8.51063829787234E-4,0.0,0,0
org.mockito.internal.configuration.GlobalConfiguration#29,8.51063829787234E-4,0.0,0,0
org.mockito.internal.configuration.GlobalConfiguration#34,8.51063829787234E-4,0.0,0,0
org.mockito.internal.configuration.injection.MockInjection#68,8.51063829787234E-4,0.0,0,0
org.mockito.internal.configuration.plugins.PluginLoader#33,8.503401360544217E-4,0.5411590992986341,7330,13545
org.mockito.internal.configuration.plugins.PluginRegistry#33,8.503401360544217E-4,0.5411590992986341,7330,13545
org.mockito.internal.configuration.plugins.Plugins#27,8.503401360544217E-4,0.5411590992986341,7330,13545
org.mockito.internal.configuration.plugins.PluginFinder#15,8.503401360544217E-4,0.506224593495935,3985,7872
org.mockito.internal.configuration.plugins.PluginLoader#17,8.503401360544217E-4,0.506224593495935,3985,7872
org.mockito.internal.configuration.plugins.PluginLoader#52,8.503401360544217E-4,0.506224593495935,3985,7872
org.mockito.internal.configuration.plugins.PluginFinder#19,8.503401360544217E-4,0.43243243243243246,144,333
org.mockito.internal.util.collections.Iterables#16,8.503401360544217E-4,0.2823920265780731,85,301
org.mockito.internal.configuration.plugins.PluginLoader#59,8.503401360544217E-4,0.24615921787709497,705,2864
org.mockito.internal.util.collections.Iterables#17,8.503401360544217E-4,0.22959183673469388,90,392
org.mockito.internal.configuration.plugins.PluginLoader#25,8.503401360544217E-4,0.14349775784753363,32,223
org.mockito.internal.util.Checks#22,8.503401360544217E-4,0.13846153846153847,9,65
org.mockito.internal.util.collections.Iterables#20,8.503401360544217E-4,0.13389121338912133,128,956
org.mockito.internal.configuration.plugins.PluginLoader#58,8.503401360544217E-4,0.1291564039408867,839,6496
org.mockito.internal.configuration.plugins.PluginLoader#64,8.503401360544217E-4,0.12754835337166753,976,7652
org.mockito.internal.configuration.plugins.PluginFinder#39,8.503401360544217E-4,0.1092896174863388,100,915
org.mockito.internal.configuration.plugins.PluginLoader#46,8.503401360544217E-4,0.1002931056454696,787,7847
org.mockito.internal.util.Checks#21,8.503401360544217E-4,0.07407407407407407,4,54
org.mockito.internal.configuration.plugins.PluginLoader#24,8.503401360544217E-4,0.07014952925973786,380,5417
org.mockito.internal.configuration.plugins.PluginLoader#47,8.503401360544217E-4,0.06800286327845383,95,1397
org.mockito.exceptions.Reporter#54,8.503401360544217E-4,0.0,0,0
org.mockito.internal.configuration.plugins.DefaultPluginSwitch#5,8.503401360544217E-4,0.0,0,0
org.mockito.internal.configuration.plugins.PluginFinder#14,8.503401360544217E-4,0.0,0,0
org.mockito.internal.configuration.plugins.PluginFinder#16,8.503401360544217E-4,0.0,0,0
org.mockito.internal.configuration.plugins.PluginLoader#16,8.503401360544217E-4,0.0,0,0
org.mockito.internal.configuration.plugins.PluginLoader#18,8.503401360544217E-4,0.0,0,0
org.mockito.internal.configuration.plugins.PluginLoader#55,8.503401360544217E-4,0.0,0,0
org.mockito.internal.configuration.plugins.PluginRegistry#7,8.503401360544217E-4,0.0,0,0
org.mockito.internal.configuration.plugins.PluginRegistry#9,8.503401360544217E-4,0.0,0,0
org.mockito.internal.configuration.plugins.PluginRegistry#12,8.503401360544217E-4,0.0,0,0
org.mockito.internal.configuration.plugins.PluginRegistry#15,8.503401360544217E-4,0.0,0,0
org.mockito.internal.configuration.plugins.Plugins#11,8.503401360544217E-4,0.0,0,0
org.mockito.internal.exceptions.stacktrace.DefaultStackTraceCleanerProvider#9,8.503401360544217E-4,0.0,0,0
org.mockito.internal.progress.ThreadSafeMockingProgress#15,8.503401360544217E-4,0.0,0,0
org.mockito.internal.progress.ThreadSafeMockingProgress#18,8.503401360544217E-4,0.0,0,0
org.mockito.internal.util.MockUtil#22,8.503401360544217E-4,0.0,0,0
org.mockito.internal.util.MockUtil#24,8.503401360544217E-4,0.0,0,0
org.mockito.internal.configuration.injection.MockInjection#66,8.496176720475786E-4,0.2156153050672182,417,1934
org.mockito.internal.util.Checks#17,8.496176720475786E-4,0.13870205417196874,763,5501
org.mockito.internal.util.collections.HashCodeAndEqualsSafeSet#152,8.488964346349745E-4,0.5463483146067416,389,712
org.mockito.internal.configuration.injection.MockInjectionStrategy#20,8.488964346349745E-4,0.5411590992986341,7330,13545
org.mockito.internal.util.collections.HashCodeAndEqualsSafeSet#146,8.488964346349745E-4,0.5411590992986341,7330,13545
org.mockito.internal.util.collections.Sets#20,8.488964346349745E-4,0.5411590992986341,7330,13545
org.mockito.internal.util.Checks#14,8.488964346349745E-4,0.40319258496395466,783,1942
org.mockito.internal.util.collections.HashCodeAndEqualsSafeSet#151,8.488964346349745E-4,0.24615921787709497,705,2864
org.mockito.internal.util.collections.HashCodeAndEqualsSafeSet#150,8.488964346349745E-4,0.1291564039408867,839,6496
org.mockito.internal.util.collections.HashCodeAndEqualsSafeSet#156,8.488964346349745E-4,0.12754835337166753,976,7652
org.mockito.internal.configuration.injection.MockInjection#55,8.488964346349745E-4,0.0,0,0
org.mockito.internal.configuration.injection.MockInjection#56,8.488964346349745E-4,0.0,0,0
org.mockito.internal.configuration.injection.MockInjection#58,8.488964346349745E-4,0.0,0,0
org.mockito.internal.configuration.injection.MockInjection#59,8.488964346349745E-4,0.0,0,0
org.mockito.internal.configuration.injection.MockInjection#65,8.488964346349745E-4,0.0,0,0
org.mockito.internal.configuration.injection.MockInjectionStrategy#14,8.488964346349745E-4,0.0,0,0
org.mockito.internal.util.collections.HashCodeAndEqualsSafeSet#34,8.488964346349745E-4,0.0,0,0
org.mockito.internal.util.collections.HashCodeAndEqualsSafeSet#32,8.481764206955047E-4,0.0,0,0